Ind_id	PC1	PC2	PC3	PC4	PC5	PC6	PC7	PC8	PC9	PC10
Ind1	-178.865919402083	52.7627738156725	-141.748945536388	32.058224360871	17.5543496781891	-14.3548988388948	-10.2007596874656	-27.5522180438276	53.8361897205006	-18.6475470130354
Ind2	17.2004199310976	-35.0481518976658	2.99233867314198	4.81139913582997	10.2228963692622	-20.3297331439499	39.2713692748573	24.7110877292016	-24.875136340639	-79.7254551692405
Ind3	-0.134476678588869	-40.4809873117503	-21.6926836525902	-60.4011699911492	-22.0440390400408	79.7396191270007	-5.03699286956945	1.44260806327655	-18.5673225023224	0.783908106338091
Ind4	59.6311928105328	2.40615133725044	-8.46928822591139	4.73119626189056	-57.1868128931894	-20.7915525617803	30.7364511052182	47.9466786336674	2.06990342944568	-18.0535676719438
Ind5	103.891300912847	21.8037845187655	-30.6709667453021	1.37837230460589	15.0719778307841	8.38159537670945	83.5520948354437	70.186244359573	-74.0537682988908	-186.781952769146
Ind6	109.589582004282	-118.667027609925	-56.5722087552307	48.7459288483199	43.1571558829337	7.79129644694251	-17.772465642767	-18.1684020333467	6.43049062690154	18.2609441658189
Ind7	105.75300681181	-93.7404190707278	-51.0560736617596	45.3952340632916	8.61940092138935	-3.32544142648814	8.76332422786606	17.82243564091	5.74090720937479	-5.4054735161598
Ind8	159.117919241928	210.416426572268	4.20702925818152	-11.8376448321144	53.2323518155232	10.3499980398735	-15.1480685184512	1.00301961757128	17.2748848820369	23.6530269862681
Ind9	-50.1469406712458	-38.2756828481621	71.5460249979154	-76.8836948044296	41.1850635495537	-49.8829649979189	53.0762145097006	-44.8704271004554	-34.5416781774017	21.333991327445
Ind10	-23.6824581856269	23.4679655693919	25.5094640956877	-9.2821017205585	-36.0153179954092	-6.09111990033547	37.4935851537382	7.31118681274309	12.8801360250816	-21.1778668967879
Ind11	-70.5695919961539	-17.9167749647058	63.0214219947379	5.39107768462564	20.2888030311226	-9.45803953937197	8.87556183720302	-19.4761604377054	32.2587991979664	-25.0662549787725
Ind12	77.2077765285411	-62.659578207814	-27.8657805489511	20.7987141108637	-1.41821017110975	7.5993766669185	17.9690999522708	22.9642475227629	-15.3421596468532	-39.1689172788894
Ind13	-67.3091822321392	2.66980623558726	80.044052393184	24.6724122096384	-7.48210168827798	-4.46029731717329	7.75547732175856	-14.0675127206306	32.8839994806595	-10.4795635690372
Ind14	-184.034884860198	56.7224761666409	-67.474111495687	66.9996283765167	5.47192566420099	3.89211715728053	-27.6339252234967	-31.1198732901585	136.24294045799	-44.7542900589228
Ind15	105.428042508281	-113.589279126332	-51.8683518173688	57.9619804375842	37.8043886385277	-9.45565351031311	-19.8829717462431	-30.0885630584139	16.4261500015328	18.7011808636841
Ind16	-166.999615746489	43.6671290195502	-60.2943993572178	46.0254896111197	25.3231293734176	-16.6610488229775	-20.8346628454123	-6.08489275545223	14.8219858951933	-31.9509911024227
Ind17	-56.3817531071442	-59.4028530568672	78.9406978235452	-107.360391080384	67.8224855343535	-46.7656143929592	-106.555590573541	87.1230040934812	24.4028645049117	-13.1509389429015
Ind18	-39.7809078624736	-25.8176912681573	73.4765098821242	-22.7023360738786	14.6723870006094	-21.6956525811808	23.8367824362572	-15.2260511829874	23.4711883636939	-14.7132705886433
Ind19	-78.5680239119424	18.2235502556336	74.7093453039448	34.4925314908252	-6.56036047030315	-10.2793681564071	22.4651313808755	-13.881271526365	36.0293206033664	-14.7533674484279
Ind20	48.2470569421969	-3.69020553055465	-9.59636579892298	-6.69680116703723	-29.8614802157303	-9.34736756131693	32.3419807777327	32.493014414624	2.23994486173309	-13.5480000325967
Ind21	-60.6918386867323	-46.2391580805452	82.3767657175553	-97.8344788950968	42.5792486239748	-46.1392500754955	36.3208810132587	-74.4779090496684	-36.8763303734952	19.3809530214196
Ind22	-20.1597864683843	-7.23057579635946	53.6695295014678	-26.3081178695212	14.3467873437096	-34.1297211748669	42.138131410915	-20.4358016792542	17.0689309249073	-1.94443624270193
Ind23	72.279508807029	71.5750775899744	20.0860342594783	2.62392450733351	-22.3716674279819	-12.9453443218429	40.6931230718987	47.3435207087129	43.1483631551773	67.3329897937662
Ind24	106.553776217592	-116.974414971842	-52.0797749734211	55.6472755081076	42.585574702621	-9.31614675241186	-23.1379418423764	-20.4192293849528	22.8188297432252	20.4796713708946
Ind25	104.38553133291	112.477584699448	4.66909703602164	4.66139902957059	-2.60573235752611	-9.55334319479768	37.5441568060833	42.1914731652254	31.9511971040716	68.6338403858583
Ind26	-69.0788174823063	5.36801404217646	82.267085993276	24.566829456985	-1.45162292341933	-9.62270759184276	15.5633329010011	-24.7233845009129	36.2811410950776	-23.4581537565507
Ind27	-38.1527969696084	-32.3705714859907	-9.20480102673519	-60.1105855562215	-10.1333431576442	50.1344038745739	-13.8003794529367	12.8207993109485	6.04884664844277	13.2548837482567
Ind28	-11.1414323782048	-5.85850926763711	-4.63291120068454	-36.2355043696775	-51.7847063264881	40.5253995836628	41.9174994936748	17.7049994025963	-16.97711725957	13.4582200757559
Ind29	-226.470352210717	80.9529667456801	-221.504885818506	33.2442408433501	29.3129702060012	-35.9886282604778	-13.9919772297396	-5.44804260502195	34.032288549513	-13.7701636134419
Ind30	-17.6730839075353	-21.7114525449638	-11.4431090045774	0.0774457956110978	-13.8472342150394	67.5858592717459	8.09202158991833	12.2901555463227	-3.881253065589	-27.9737186940019
Ind31	-28.1221061144075	-4.33315794120043	18.9245899600282	-29.4130971870028	-32.6120794306408	0.490108191006768	26.7065559117911	29.4378709891949	-1.36587020863333	23.4646452300786
Ind32	-83.8482632586892	-3.9418190439551	-104.709832771425	-32.2445934249571	38.1318930088511	-14.9934988693634	11.7754925832402	1.95991148565425	-69.1680223845422	1.22156812945112
Ind33	-48.1479089756627	-24.9180010183239	64.9319278631404	-53.3761208656167	19.6940384081386	-7.57743257228753	24.1637566611994	-35.9381295725615	-1.89964340244492	12.3997277721667
Ind34	5.84084313332776	-35.6074811926068	10.6075546443688	-45.233511884611	-5.72794740001111	-10.0040286710484	3.29304303331674	12.9130011215166	-7.55560202030594	-0.619859202685718
Ind35	-95.7653310859377	-1.78527113649914	-121.248028982556	-29.8620542236061	41.3285048366789	-22.6077025458099	10.5080755803098	-1.39771664297267	-62.9451137139501	-2.33995252137821
Ind36	-71.3199071519203	9.56806595628998	74.4636640126424	30.1835796246822	-9.72511538155832	12.0238131398828	22.756151381136	-7.65177171143991	34.2943469019125	-2.07317279584132
Ind37	-141.255168411733	63.8149563425368	-149.995421789077	-9.3128462573663	-18.0814214507442	-14.0653628543168	5.85197920709283	15.4853199240972	-12.7934615952611	15.2284429894358
Ind38	-54.6421685455286	-52.885309034323	76.5733634692882	-114.216157789974	72.212256565137	-57.9074931027912	-108.652106278133	95.2976723874341	17.0154977661221	-9.13354540943875
Ind39	100.539312221308	-123.427832403728	-46.8283235715467	53.9889278049339	45.9148248536277	-6.22592592228417	-30.1108747568031	-39.8792945797454	6.30831413418606	24.6997142352085
Ind40	-50.043561009643	-65.258273195424	84.7573348988395	-128.059346882563	83.2881349374819	-45.9468480486228	-142.054569896272	111.835602429841	17.5659843310243	-13.5586425838744
Ind41	28.4091054552256	-57.7857406817783	-6.1679853297043	-50.2270299159025	-26.6009521179872	77.2406603152659	-0.567375955201719	6.74743829489732	-3.28649872615765	2.15026312307124
Ind42	18.5203505955197	15.8777175735201	-41.0973724107772	-21.7963221167242	-51.9842066814813	44.1774939320451	23.8947978012842	21.9149658826491	-2.93916982942926	8.05458814050633
Ind43	-100.326715752081	0.902519386607501	83.6511002105685	50.8441756358468	7.06669894939246	29.8372412257957	-22.7597020461588	-17.0442029850438	40.7477489983355	-37.6894881258824
Ind44	148.499442190317	196.159622564293	7.36878521559001	-12.4255026426639	56.0768860616204	-1.42362543815483	-6.58336321593496	11.9231221383768	20.5459864292409	34.9982677702415
Ind45	-15.1949650640275	-4.21495139834472	63.3400374394163	-41.0378144790063	8.71574640440034	-26.761592678524	62.030730089856	-19.5986695748446	7.22179969455331	-6.00403746139937
Ind46	113.069104510585	-129.846403082971	-56.4479852235686	64.8165008782569	52.767906341252	-7.19859603734399	-30.440065771741	-31.2915613381321	24.9247759978645	34.3182882966064
Ind47	-46.0489361592377	-54.5469189782576	79.0577626219358	-107.357034408538	71.0701331724136	-41.5678760113802	-89.8014231421066	71.1015069256498	17.1548784684444	-14.8471707941029
Ind48	-17.7634940550132	-2.99194489467499	56.4968859126557	-37.4076955742568	5.97582944940672	-33.3395615360109	63.5881570128245	-14.1084170637989	1.86896298250215	6.31207843203544
Ind49	-51.0079787894999	-37.5850837050083	88.819611368136	-88.9918001869147	42.4422491104744	-36.4431862197719	31.4285761266054	-72.2195579675629	-45.0900991959248	14.700348784836
Ind50	-33.5864044836252	13.627277048947	38.6969308147733	-13.9406285112959	-22.6499056725343	-2.44362254379944	38.158790902713	-0.0189867343542811	21.4985206555137	2.16787456017411
Ind51	-25.7892876597405	-51.4180677763512	58.5103092429659	-14.2369702667774	14.8036473077365	-16.048684078343	31.9346208290344	-11.3963132690518	-2.74438637931402	-9.35335747278831
Ind52	168.626447752945	252.348864043607	9.36633317774719	-22.2951270498586	86.573825643339	16.4759749796272	-49.171665952955	-45.3567152877633	-14.9152659731843	-14.790728739599
Ind53	109.264164325333	-122.762053080728	-58.6371375398393	54.3986230607426	48.1587515626609	-10.3079393658512	-18.6548178806349	-21.884073019163	9.23250880693256	16.7217841201727
Ind54	-22.6660134686028	-8.86006626401481	39.318853468771	-27.3597633863546	8.19640832808445	-7.83266101099098	30.5523498164723	1.67978586660134	14.2738947890294	-3.61762511419455
Ind55	41.5541125962558	6.98849386864753	13.6791373166364	-12.3778099820859	-38.8498824785542	0.571494459774356	21.1947069071097	31.9923347869544	2.79440741479768	9.66899258030337
Ind56	109.680747665277	-120.677366501181	-54.0809416073803	63.8161212784856	53.7630634409487	-16.8761853359478	-19.8209705851581	-36.061711785554	8.97951058816559	21.1347260120788
Ind57	39.1462952264533	-61.9572102754982	-8.39078121505377	-12.3319853376992	8.038170858178	27.086136369946	-2.06983628734114	-1.67267472076426	-14.2850512387912	15.2226535218807
Ind58	44.5632490706094	31.74951322959	1.76272023997332	-2.41691253855574	-65.1607454118456	-13.6103058827917	31.4801610829076	41.4069429273305	46.6370483509211	49.6172641941653
Ind59	-56.2691737184491	-44.0058743469278	87.226362582326	-86.7646388955591	48.4578736914582	-48.5746595038239	50.3249902263693	-82.0686665926157	-51.5318182988996	22.3642416551451
Ind60	-6.62110456575194	-37.7830266916154	35.6373860145294	-23.2301563879063	11.5631837574077	-18.1572807692709	30.0313860775325	-10.4599694023447	-5.97238215919217	-16.0537570390821
Ind61	-67.358228747043	-52.8280126849797	51.5421454305483	-119.767498101541	63.2446528212403	-22.430271145865	-118.32969126214	87.0727037755605	24.1279851013045	-9.60259818086144
Ind62	-19.0874142852907	-50.8360481735105	-33.9642941178955	-66.7526575337882	-32.0854512450327	104.069347334597	-17.9323840970453	1.81978694125394	-15.000242136149	7.02063480240592
Ind63	-55.6742187121651	-35.0692758649384	83.6311035431393	-80.1224532047369	43.866892699061	-46.5428660563848	46.0188274781479	-57.1001173773864	-29.1358387646734	20.019372424166
Ind64	67.6385711406164	-18.6222486837638	-18.1370377103012	5.23231326968232	-52.0092599044104	-19.0343303665791	30.1136028225448	47.7549119665195	-2.32348420931364	-15.5520235765718
Ind65	110.301123645739	-120.842464385573	-53.5732638697864	63.0742825160164	48.3184377749625	-18.9024370308388	-13.2179145958287	-36.723443389654	11.8104338154902	29.0417470628023
Ind66	60.0738913338017	-3.13810438498526	-14.7697227950274	6.42381502891415	-40.1042555596209	-28.1409216016471	37.2794869972728	56.8107205352261	-9.95317118370418	-9.81898000774856
Ind67	64.2637094887642	2.35707020308568	-12.588468538913	4.95154902829419	-49.5609381845496	-11.5122824615171	24.979713454523	28.8802963468288	0.0985328503443397	-15.7083806830542
Ind68	-137.621814126002	24.8227456150547	-27.0517925218126	43.6830914964231	20.2928910311077	13.9368656918028	-33.0193756361187	-11.28982840515	20.1333294638858	-18.4665627420447
Ind69	-38.1460642906385	16.799062842057	34.7246648555931	-1.2638602842768	-14.5845708111769	-4.88304635855877	33.0020101595486	-19.8182898721802	22.0427219580599	-11.1595931257861
Ind70	-154.830428903363	55.6171595888089	-188.141560525589	-47.0831214152977	-8.77196964300285	4.1549481850473	-3.04729072690905	16.6130314773052	-35.8132134630474	47.0655376934203
Ind71	184.665613850201	258.139683875929	7.7257747415578	-11.7498825198149	97.7004147560212	19.7703142191085	-31.7987215889292	-44.4777371594009	-15.8350958272599	-30.0667485798932
Ind72	143.498163485425	190.500609500778	10.9799378017016	-9.42667647813439	41.3211846995341	-7.35281923495451	-1.53830439631563	15.485429931734	20.0058487526271	34.9944634838052
Ind73	-5.08437832065885	-52.4919852528764	-16.1948685081249	-54.3479582087245	27.4290069981093	13.3463585191294	22.4202501304144	-0.0599996090887292	-75.1113231936752	3.94678124760548
Ind74	-147.56883843539	20.5022685386511	-66.3557030334109	25.6278590514821	20.9575132297752	7.0500996235091	-20.4005334405584	13.0056310917729	16.0097522209001	6.14548027489254
Ind75	-250.465692538288	103.948598795749	-302.300857160255	5.23090552497488	25.9917830113869	-52.7861835927161	-4.74341692637316	2.733803236103	-31.8764346487457	22.5632675029761
Ind76	46.7001628505216	3.16317673430275	-13.3317720933146	5.53593754072053	-45.43768672273	-18.3264024826458	19.5376898609874	31.763283651059	-2.97036490512535	-12.9333302094648
Ind77	-133.471649365803	15.7852787089699	-121.757219889058	-14.9672158463192	27.6222232149565	20.3635824272307	-6.20694710389294	-33.9831668080888	4.27295545615795	-22.9275738566526
Ind78	-139.947082131507	37.0971955088199	-151.636679256593	-35.1857383887703	-10.078227467419	1.06809086811689	-16.240573871466	13.6995181139142	-26.7840044518163	41.9505555232678
Ind79	2.38674433348141	-37.8358558240712	-4.98255705349783	-48.086839461453	-40.5416550744874	87.9965086788236	29.5666316722883	10.2930343639822	-11.2253653519094	5.24883075903166
Ind80	95.5581722854557	13.5206285524667	-14.280808481645	10.6587968508901	-38.5958637548363	-7.82294243220728	28.4297652208248	40.2809364125155	-4.06033645965411	-35.5087904547829
Ind81	114.11270334359	-129.032557335703	-56.2982619219616	47.73283761442	40.2618583128148	6.67853585363387	-28.836736278425	-28.0887942910296	2.83220015130212	21.8803033097145
Ind82	46.9934174140328	-28.0642028516567	-32.2587955479449	23.5052731492652	12.8074483625486	-10.4149689281382	35.5627087593891	44.625224937408	-30.9490045279167	-112.850219890232
Ind83	-3.59049905503951	-59.9700964765135	33.6199630017474	-53.7644124902443	16.9545275091431	1.99106953577515	6.74369621604103	-3.04889039276235	-30.287357184828	-1.23531616628224
Ind84	65.4145730023165	25.7377993452957	8.27469158112894	1.47466064280027	-30.2056245813503	-10.7821614469146	36.2753058760868	29.5549667728344	1.08869820334858	-16.5364365630166
Ind85	111.328116335656	-126.266529066717	-58.7641210143983	62.4112742618079	49.136726934675	-5.96385306297879	-21.6378410030745	-32.9558619489251	18.7132431535325	27.274093926438
Ind86	65.8745466900041	-58.1442057540319	-62.4257714605536	-89.3364034570489	-89.2408350057154	214.245307482591	-16.3916939747792	-25.575286195473	5.63453768548708	-48.1134468380064
Ind87	175.161552840852	264.667062763672	7.02790938448441	-20.7645428117769	108.597454410735	27.1837781939463	-48.2223860028468	-45.1140433789665	-24.543036859956	-20.9223543516535
Ind88	75.9391519607141	-13.0569319267718	-17.7235160848108	0.45262470722268	-63.5725398103185	-29.9263642179184	-1.70883314175153	26.1887362566179	-0.214751275979291	-30.2001104844969
Ind89	-205.5636114182	64.5761650613547	-158.501358486711	35.4192677748156	23.8081235652067	-16.4424957167014	-4.50573866770579	-35.5120471849252	57.7112753301031	-31.6901428482861
Ind90	-188.574648439736	62.5048558336898	-92.7948197035571	69.7848403058697	24.8933096636931	-21.9856798472319	-21.5772758086411	-53.1288848442667	111.569013016213	-71.5864433504075
Ind91	-179.663257662345	52.1912364649418	-83.1178479335418	58.9240128693446	26.3292060433939	-19.8984097247135	-6.78357896362256	-36.4908482554673	99.0929575889289	-52.1650215171933
Ind92	8.5318459200504	-33.7941960941234	-6.47588171988549	-52.1802385749161	-37.2889623388554	74.8959522932573	6.92000211759818	5.62209065944426	-6.03397863359585	7.254420385948
Ind93	-126.675320776609	27.0469113201335	130.55213598267	164.226439222504	11.2951686562104	54.3506642241475	-27.4083174451663	40.8439340523622	-95.9157186816159	27.6070192850578
Ind94	114.45251485398	-128.245528880323	-59.4951789030062	63.6301678796138	57.8569292624415	7.30090945359961	-18.8211992938882	-29.4175493198532	16.099392122526	31.8058681995737
Ind95	165.818269143725	260.122152287696	12.1998195378958	-21.0481656528687	101.207484974554	24.9192876015227	-43.7341516423223	-52.8013169168143	-24.1816756650517	-21.3123816765702
Ind96	-52.9601960822888	-31.3393679351721	81.9825387348331	-75.0620191012769	32.2118920315033	-48.5534021812331	42.4130870241345	-47.4569344957436	-21.2835935956345	4.23067493257113
Ind97	-99.9490996777359	1.5060582063907	111.445386655509	73.4123071188201	2.77457233172291	27.762140788926	-14.6400335401245	-7.04784894240218	31.3290642699549	-17.066640956267
Ind98	-93.8468576483866	16.9691728076913	83.7614107114799	59.3418723438189	-10.2369683512083	23.6195647584429	-14.4749969355881	-14.4587916261482	35.2398075183636	-15.943084265126
Ind99	73.567431677038	-91.5510836172527	-30.3080252260003	31.7319947469769	34.2265223746216	-14.7686879083381	10.7308349730316	-5.56650406948545	7.54491318293827	0.23311038089169
Ind100	93.1378822094319	-100.169911552954	-39.4464028279502	41.3559706948344	34.1069979526179	2.48230865303012	5.2793679578897	-5.60886462436772	7.52315790524464	3.71626387986818
Ind101	27.9197205511455	-73.4630993028368	7.18101282784872	-44.8170722652612	-9.12058466354912	45.8655724850096	13.8439982532765	-3.53176095486217	-28.4153746745327	5.31922601636638
Ind102	-15.7953692754756	23.9359724016622	11.2972499670191	-8.34090779150575	-37.869028481749	1.433293599475	37.5274360075516	21.4940973634968	-3.01804011573056	23.0431199988234
Ind103	54.3869936425711	-32.5140373233893	-19.6377429156046	5.97903790330182	-46.8189464870904	-16.8404185629055	36.5835525635193	42.768785292567	-7.768618091152	-10.3952946268395
Ind104	92.4976654148861	-100.240066966298	-42.429452259111	38.2914583004427	39.2560387936999	-10.2154532135194	-12.0778959922975	-9.65408916620311	0.225930989242843	11.9081186037646
Ind105	113.863282063633	-95.726514194906	-54.3040820845064	54.2706688273144	18.871667447815	-8.50164059819703	7.56357266777212	4.70401708882998	-1.222260697332	-7.60960560704349
Ind106	-99.2701891014166	13.4665526240931	99.100636236604	68.6415334256791	-9.41689302529032	24.1230704818054	15.2916274551249	-3.63197137805476	14.9943155219361	11.2762059126128
Ind107	109.933416073678	-123.840254463067	-52.8429081249624	48.5683172937176	35.603176628309	4.06101591239347	-21.002554804275	-24.0160515764262	-2.56479697597925	15.6647108102206
Ind108	-20.9690817210547	-7.75421546201832	25.9682809568811	-40.8516043565901	-14.9951221861967	18.440767572704	10.2524220652609	13.2865911887667	-9.86490612398436	13.0378477342254
Ind109	-44.2668571402784	-54.2675868723053	78.4675488048905	-107.791833902576	68.5592023685596	-43.6844980293562	-109.269574450458	84.9085532216287	21.6287505821165	-19.9422542685739
Ind110	75.6086964607609	17.3491089592892	-5.27618650954693	3.67632839824391	-27.24068510751	-7.95917750744367	22.7847189356137	33.86662838641	-4.29590636213378	3.6020228307259
Ind111	28.1490677453755	-73.6850632360301	8.00705518565439	-42.9446475061944	-7.65439396808169	41.5300045649221	14.4785652059767	-1.98767407373866	-28.3925197080673	5.29298047815345
Ind112	105.902058852252	-119.352276065554	-54.0757551722566	55.2014268510023	47.3483942889867	-10.6967041022179	-13.6740660912526	-18.0478535284974	12.5641986309653	20.3554549649661
Ind113	52.1336392487235	33.4775869651599	13.2856085992936	-1.68385295735976	-196.264346318641	-109.794496491626	-118.073117329893	-76.3873569424069	-33.4494097752523	-2.48181929462747
Ind114	-42.003525067921	-41.7154812155424	66.0591557380082	-81.174588348138	42.0417128027801	-48.0368745608531	50.3531249033459	-38.1253699187673	-29.9924403912483	16.5248650984864
Ind115	-109.045932618924	26.7540687467306	121.917628607238	148.535937512551	19.4592748689678	79.2465728600155	-29.2244757876727	35.3922925096557	-100.617645465762	26.0701679435216
Ind116	137.670326517912	213.64640219299	-0.432879177170762	-8.22962845197839	56.6068754986787	16.4585698887544	-16.9797744290047	-1.95849586589302	26.7396100891983	41.3782097765949
Ind117	-197.372112526223	68.2540011614417	-246.439189096493	-8.65147766721512	27.177481470606	-40.8190995729635	-5.21075488588379	4.89165710009692	-36.0988589331224	13.3033908942556
Ind118	-127.408067951713	30.7141159384901	-171.475954102066	13.6897098273675	25.1112315039403	-19.4216953504163	11.2064308047608	4.94709331288793	-28.0934902281359	-56.8767698957845
Ind119	-249.651749123506	103.905885444361	-300.985730320374	5.33441003721429	26.2598501885357	-53.338699545533	-4.34580668942052	3.54756708394876	-31.3930003013146	22.7718246292081
Ind120	-56.6845253289622	9.51049496840824	71.3776038521773	22.130073135645	-11.6951823958167	-2.65916441319813	25.2572842140707	-24.15733716949	27.3817037555809	-17.5009546325206
Ind121	105.972939423757	24.0301532955014	-36.8054872682718	1.21757063885782	15.9765475481034	18.6362798243577	67.538850813549	61.6048911938705	-71.2900872498194	-163.260322660698
Ind122	109.013009700603	-125.696456311486	-53.8839427812583	65.6070623210207	48.2570495047271	-23.4998322568755	-25.1671605173333	-33.7986543190855	18.0470011132398	37.590425199816
Ind123	-44.8485002578929	-36.4486399475479	-16.6427320552222	-83.6330263028858	-17.8023713955427	83.0853395113035	-20.4153224485373	19.444104958158	7.64451249708365	13.2834923663441
Ind124	13.8880304513576	78.9463634447188	8.55951015687893	-36.3702019956609	-75.9031582816821	21.4184127776689	53.7341640761488	48.9500976176623	24.232233871905	51.6288006182908
Ind125	-51.2099182074674	-54.9921323192878	82.2704857923483	-128.496956804346	78.9919598089421	-52.0401731313936	-142.947289659603	123.038061875246	26.3982910028329	-20.3593159921862
Ind126	-45.2900072345039	19.1523467783564	-2.11870961858086	-20.5835446812593	-31.879991863147	15.4919141884018	24.5382031169627	6.96602532302781	-2.11963826994514	4.59459385538474
Ind127	14.0783873403461	-36.703121531975	-7.04603172514873	-40.6946236494888	-51.7094779541509	38.8763736867426	17.6412701447608	1.6517995051778	-7.43344790264766	6.10053783093767
Ind128	-48.3231237123555	-39.1028525232799	58.1786527792524	-16.1787121028044	11.1235524664679	-19.4759945876374	31.9221064681344	-11.6863227597854	6.34030773342033	-16.0303484423947
Ind129	-54.24788069717	-46.3610352954886	89.2094786461789	-107.392578000306	55.8691818762368	-67.3877577296763	57.695093493671	-75.5795621849036	-39.8768201656926	20.5031374257058
Ind130	102.334310103925	-63.2469333149062	-46.5378069706986	23.7529879543832	-7.20689026165589	10.6422456360569	36.942100070688	33.9317752239909	-28.2790681707218	-75.2622856257292
Ind131	54.1568145206783	42.6542109869616	17.4883105947014	-7.26741584407802	-217.968141015774	-111.958679366187	-121.617209352192	-80.0849262265883	-29.3887899895133	4.86163460665085
Ind132	104.845130824613	-84.1040373191832	-41.8215584080729	44.2718322930691	8.65990012323608	-2.56820772184551	8.70272840956327	14.5126098258822	1.41943122149275	-20.7841323838251
Ind133	38.2982718914904	-21.4138575516325	-11.02360730796	-13.2712314834605	-43.9372331251505	-3.24533905425197	37.9813897116893	50.3504647760403	-5.5505932272698	-5.4003202619213
Ind134	-55.1837065922336	-39.5200509792932	65.7800842096772	-77.387603960198	37.0028020982388	-29.4050125661846	3.91265068397854	-13.2862416527374	11.8705550577468	-2.06311159641489
Ind135	66.5838681755369	-11.3639788584538	-12.4051182328393	18.9500532668154	-90.5211047975716	-44.6631660242108	5.36897875102051	28.2500074880252	13.7128791008065	-20.8328033133891
Ind136	61.7660704356072	51.7327104268836	14.6986288399933	-9.05722493706901	-0.792894695836488	13.1402007639221	65.0200428741722	29.9390772960415	-10.0968727522975	-16.0605290466099
Ind137	-1.3357409995251	-12.5654247402987	-64.0463026070032	29.9450508482278	20.2108096574486	-23.1192929417188	29.0224421158895	34.5159567970612	-28.7202832041831	-110.069415489301
Ind138	-72.6673572541045	9.81068362380933	90.2223795554715	22.9121695823339	-6.28308878209617	0.268437550065023	12.0734015307202	-27.2635690207942	54.2173583352353	-30.5025246016836
Ind139	-21.9415430238866	-47.2397846888758	13.0177564717823	-31.9226632348917	-27.7289992873541	92.5849360374264	-21.0356816813023	-0.169705698989534	3.07629170626975	1.63168295200285
Ind140	-96.4535937388348	12.0449530866067	98.7015681600172	69.0579382965756	-9.5264904933517	24.7856962314897	14.3881793481308	-2.51323887884841	12.981536480655	11.9104097215695
Ind141	72.2583236509498	23.5288343126959	2.03504233859732	0.719771859638258	-174.200031618453	-84.1737658088258	-92.4151173295058	-53.0212362724672	-22.2936043920711	-16.2421452945962
Ind142	40.6465798149465	13.6477860441117	-1.4933598786403	-5.69631784154562	-83.9954431970273	-28.4337089040569	11.6837282514898	22.3458033050021	10.1971505011206	9.18185923490493
Ind143	-41.7691695642441	24.4071831774327	68.4982290433181	6.20421351607258	-16.9169460358912	-12.7282185976843	24.4897713078888	-16.9031179296397	39.2003867008018	1.0684482695001
Ind144	32.3946110656104	107.242330782583	32.1719029784804	4.11832135574089	-45.5178204155821	-14.3089160623621	24.6956547645871	1.86394672800787	27.3050167960117	44.5871575002851
Ind145	-61.5454514313086	26.9879977040369	17.0226062490201	24.6017920062011	-28.7438709927117	-4.49216230593855	18.8420984353369	-2.10957773797652	5.07955874912775	-7.48990467605071
Ind146	121.49140538984	-128.641285871333	-56.5467086798806	66.1753169288527	58.3107908594828	-18.1906004744414	-27.1686604332399	-42.0698170622201	11.7324089247061	30.3403427817862
Ind147	80.284049344435	8.17303959092645	-18.9649681555034	-7.73892679702465	-25.0115625878963	-15.0459189678623	24.3047587629981	64.2073232372301	7.79510497333248	-36.2311344150592
Ind148	27.4532885321789	6.33173664006728	-8.56909643242623	-7.04911973327229	-52.6309156872422	-26.7301640977474	15.9312930084262	27.4107786557995	9.00397553372658	-0.734196409073693
Ind149	-12.3707578642191	-44.9441077928068	-36.2756603225254	-62.1873295277595	-32.5830079441582	84.0587695004389	-2.24136619597483	15.3298650383828	0.282116457203197	17.5879153915299
Ind150	-109.107210665658	4.86938455729716	-150.97121741906	-38.602187129254	38.4993810096912	-4.94250349617759	8.12467194056599	-9.6767614944118	-82.869889440599	10.1767027108514
Ind151	-79.1382194010869	1.36077105415663	73.6885212263173	38.6696809276007	9.26963994509238	0.561504320109006	19.6266578053171	-19.8509203837403	45.9953333353416	-17.5016716756248
Ind152	57.5190659237181	158.442374333616	12.1565705548279	-4.03950044907254	-45.8111399852442	-5.14333514006494	20.1370572808072	22.2585287174052	40.6874509116113	84.4783041805408
Ind153	93.0847187945313	-101.947596610452	-35.3327210363939	29.4615108652871	24.4583275130976	7.34093020154981	-14.2469263046274	-4.24556193292825	-17.5524467408177	0.787316774833018
Ind154	-55.3702332065011	-43.918947192055	63.5349393367818	-83.4074965875334	41.3005243858654	-21.2534667692228	22.3339409846583	-57.4002666918323	-21.9102156345365	23.9972256664899
Ind155	176.718059789584	250.334770468565	8.6544805785902	-9.93601377128273	87.0943165857642	24.4205955722816	-41.3608722633586	-36.46331419417	-7.0946777317256	-11.8955468260063
Ind156	-160.730161504585	55.8300124253743	-202.731851241673	-30.9542030119425	0.133048580443197	-7.02491816466366	-5.19080514517517	16.2271389053294	-45.3366727045137	39.4174740782333
Ind157	-58.8831969985129	9.80878696125947	79.4405826073767	6.30149906822533	4.81268355371091	-10.4503476248461	24.9912685634588	-22.5130859758726	30.2656243268124	-2.24797373647498
Ind158	-187.572464690413	60.3967725837181	-200.506575170088	-11.3219809293826	19.3145954592589	-20.9050614993663	-0.52007637777453	13.5498325890997	-22.1481029304788	23.888329898637
Ind159	108.575023319447	9.34456876163543	-28.2482109584383	5.26437236204303	18.8476253754502	4.77415903098161	82.4536934900161	71.2683834259423	-81.2183170192238	-203.747670197885
Ind160	-37.2217307569108	-55.6078466020329	-34.9428178556473	-169.657412296682	-82.4464079481377	330.525047860036	-39.3499194172106	-105.598327602568	34.0179590136191	5.3028880121055
Ind161	105.574895249519	-119.888981953492	-50.0346843654191	62.6254257729424	43.9786493400401	-20.020581174189	-18.2252820581975	-28.8642657688819	18.3015360307098	22.7722529877683
Ind162	159.314724112134	226.256236430116	5.77127594362978	-17.0288431982829	64.3555700777279	17.3608185227686	-28.5586423218914	-15.9871488139736	1.0012425298576	6.09156836156249
Ind163	-59.6485488603169	-52.5465113655628	69.467273237976	-118.607829555702	73.2262139962496	-47.72552452427	-119.492399024865	92.8818912066136	19.8060863312617	-12.3979512502204
Ind164	29.1265473691918	-3.56898865749145	2.50753754560974	-22.7480195928769	-52.5236252306466	12.0280919137151	17.4440231730146	13.5438714984813	-19.4758065471425	0.642008692679529
Ind165	65.5446631854357	20.1725147693656	-5.24376342076967	-7.46498443203166	-150.20852045979	-63.4209977792062	-74.3421255507082	-36.9815266235088	-25.0710695341073	0.37910485730042
Ind166	36.353973768452	-70.5386756157728	-10.0662607919109	-37.0245014873813	-17.2458686127567	40.4736464462619	4.09470049451516	14.3588896418043	-7.47637350173702	-7.5155585836727
Ind167	-156.870257417148	58.5260549765287	-181.22814990425	-39.5727085632226	-4.62615389560534	0.459737583949602	-4.58377716702957	1.94544075062913	-42.1413826976004	23.9948940246582
Ind168	-69.0783730474732	25.8934057756462	-171.721725439888	10.063297751092	28.7792384498562	-18.3381711430153	17.4070888796848	16.3340492613759	-43.7521711046448	-70.9231192895768
Ind169	-66.9901857379056	7.74811951682947	90.3323457966896	26.6407934811885	-3.23747138618138	-0.252737391493837	13.3072938372044	-38.6219069231839	42.5814399602315	-21.0619220530354
Ind170	-70.2824840875719	4.74877756192412	79.5894577907161	29.8316134063648	-4.21249958678094	1.52142024760825	1.94930160206312	-14.6004957682159	38.5598312230687	-19.8617922011729
Ind171	65.3577641314589	-11.2859361412088	-15.4925826936444	12.6965051659079	-69.2226635993408	-22.5161500421646	14.1253505326233	38.219911018789	9.04234608154866	-13.3422611028943
Ind172	-41.2038040957328	-14.3773673177528	64.952472071256	-23.7619817895668	3.63515508901056	-15.2293941996816	31.0224528940933	-24.1323372170758	12.6523786180905	-1.88619574601095
Ind173	-72.8946442255533	7.06112090569402	71.8629185062967	17.1985137239585	1.25076149205937	3.41254318420798	9.51767542274973	1.75696377617859	50.5039450762512	-9.79235466275954
Ind174	-251.198532817614	104.236958031552	-303.303134060317	4.30805364626605	26.1456993591923	-53.1572969640204	-4.99008646242646	2.89851239276304	-31.4756748494574	22.7431516497432
Ind175	-72.2335228705135	18.3147833491325	68.6163589837942	29.8786555708515	-6.33696638633875	-2.63842223961196	24.5990001275433	-13.9613324628991	42.3858939074408	-6.74281898978665
Ind176	-8.92579781032932	-28.3027898159233	45.5100143998238	-22.0167143414115	10.5824556243052	-16.9210363651369	50.9397120887521	-4.57344209442634	6.9871145918394	-10.6202203812053
Ind177	-3.20248290426635	-21.6346209664551	17.6760375330927	-63.2210998915328	-37.4648721812867	28.92325433671	18.0209960685576	7.55661968971932	-10.9303770103408	-9.87954394498048
Ind178	51.5240631209095	38.1645177310104	7.35056578574938	0.498881361792036	-198.376244939625	-106.436171083321	-104.057821921436	-70.5159539886564	-25.4558054429421	-1.28074228073932
Ind179	-104.825861409584	10.7909833338424	107.302729234823	97.322845697695	0.789036344781518	41.7148944043525	-19.5646231238834	-26.3126875486848	50.8493669313561	-34.4419400671831
Ind180	-2.0541031510684	-65.9588035809115	33.2022981287048	-55.6470249612187	28.4103843989743	0.604203552729061	-2.1478288719521	-16.9995636216794	-22.3442774684709	12.1199031409318
Ind181	-48.5649705195088	-32.0189073821629	85.0936324276496	-99.2167905506728	48.3901936570949	-62.4793928629347	50.4242014415049	-72.0044000083476	-39.2050489404103	15.6358399072832
Ind182	107.909134332828	-123.892976453209	-49.6179250687998	56.2906619954361	57.085471070732	-0.684568510416248	-33.8263142643966	-37.06406415503	-3.66431090920833	32.1814545893972
Ind183	85.0964593875579	-99.5343319513014	-33.6955846768984	26.7327738823234	39.950708791666	-6.6206829992537	-9.39964314936915	-11.3308992403681	-9.4962716040214	-0.744462186485682
Ind184	-172.425787773075	36.7059213815429	-17.7114327566762	80.5375757282908	20.7406666628745	-6.86993283829501	-26.094944136522	-62.4631994883511	147.678613365649	-93.6001786350228
Ind185	101.424068454767	-106.326295057516	-51.8086876489276	30.4581547140797	29.9895135701344	5.87210792300959	-16.5637549154632	-14.8312465194369	-6.31368476837616	18.5487515430909
Ind186	-205.050179561425	80.7240035507027	-254.155214747871	-18.1577084524448	18.0007401759508	-26.1861360337736	-4.94923818161232	13.9883256040011	-45.8906550513763	37.4670434122758
Ind187	54.8424465280383	153.693508829817	9.90683118446933	-3.04624126110844	-43.6400665340403	0.0854476441638354	22.0542525595563	25.1432358874509	36.4317603474785	83.0757329018852
Ind188	110.04779362326	-131.515073243672	-62.8759047340642	61.4167652259463	61.6142257497579	-18.1362451191161	-22.5722421768077	-44.4555917271776	16.2491974337246	30.0345043877535
Ind189	117.698307644945	9.13957045267359	-36.0710160057248	3.74570673346427	14.8572270297906	9.56824033314659	74.3400741964169	69.8402591471264	-71.3906198425415	-184.312400498112
Ind190	16.9063363412211	6.37399047064018	10.0616042991989	-0.729231036235985	-40.3169501592068	-4.87490448065851	13.7651509849494	20.1266877443085	-2.42569881397302	16.7769012837066
Ind191	157.142240128624	209.297076665327	-4.37746653473454	-4.61421912244585	94.4173090231728	23.9681643896771	-24.641542880824	-42.9517958287451	-10.7240257152197	-44.8663423872612
Ind192	174.704041694256	249.420778916086	13.5693662466076	-11.9098706752831	92.1573983898402	20.5453513861213	-36.8537873143876	-44.2654937054656	-15.024635667205	-25.2105163545413
Ind193	32.4077872862178	-40.1085393316876	1.03479949743199	-10.8866559028517	5.95598315486999	-8.42332420071078	34.2585601402606	10.5362436858086	-10.9735920237876	-48.6203039212189
Ind194	-45.766042420104	-61.4438250164276	79.347374965049	-124.779853094048	84.2670790739243	-49.1101511138045	-132.768638241775	109.829238118274	24.8489649010851	-14.8239880605108
Ind195	-82.852736975382	2.39966698085984	29.1264388570388	13.6917648169806	-17.479217868153	8.05280816492614	9.72388575377553	-1.92507672160419	2.93853080918181	-6.53996504601346
Ind196	116.002516321631	-122.978417875951	-56.8326250596099	64.6961799827788	56.0307634385652	-14.8153661208488	-19.1920154645619	-35.4010836611635	16.0946623858039	28.5684919814823
Ind197	-125.691780568202	26.0433211988778	134.809833663216	171.329915210133	11.4706823393482	74.4339242778906	-39.7904932402729	35.0757665128484	-112.241781650441	30.9978401165723
Ind198	73.7087727833365	-5.67194441665064	-11.1121209891885	8.74646454488643	-33.684579487166	-22.9791121631112	30.8367836279416	54.2882674515734	-5.02638605056211	-30.1679685739215
Ind199	-5.31621934373753	-39.5019350251454	-28.8796912151098	-54.531248829919	-29.1708072682357	77.3927548838728	1.377205415956	21.4932881670971	-7.94036970471262	13.7507165219457
Ind200	-170.060826660764	43.2204575569929	-25.3412673458207	80.7746559720496	15.0142960014723	12.2157410059598	-21.5120632381681	-38.7758850792225	159.502470631791	-65.9016748687834
Ind201	6.39744731357247	-52.9117153374166	2.43031208877774	-43.9278713539418	-30.0733825860628	62.3793845136243	2.29027297234064	9.21525437469352	-5.66761699452021	-9.44006031993452
Ind202	-8.82684004374778	-50.0054876989025	43.3723482589454	-45.7286338614098	32.9161094130566	-24.6451577972344	4.1232925182185	-10.9771195037339	-11.5638763784614	-4.09099671566284
Ind203	-10.2504778387583	-15.3978653180797	64.9741241512624	-45.2831508841497	11.0506862740278	-8.36944579907657	51.6851966705179	-27.3181088545514	-2.30570140324279	3.68035819108866
Ind204	-1.99735308008011	-62.0968907510062	22.6702687366442	-33.4811847930254	30.6834290966856	-19.4386081064571	16.0101941264753	3.41601115255327	-6.97478980599221	5.57876961623092
Ind205	-103.720613407986	16.2420601646845	106.328489408593	107.054713365258	2.69703586034974	34.8824984046005	-15.3730774704082	8.12721397659581	-3.53272649014342	3.24884412294366
Ind206	-123.478682336017	29.1127146961985	138.195868717069	161.237929399733	10.5331287685754	67.7386134754248	-52.4029895933868	47.4252393165606	-131.734153357789	48.8216641902365
Ind207	-207.682179933311	74.9499869583485	-190.254227043192	28.8359086115101	19.4879592217982	-43.4204120671634	5.44489346861616	-19.9140239249196	27.232218147022	-9.88034361758384
Ind208	49.3660575669527	-11.6898886500139	-16.3365738096155	0.154664593938875	-79.2757090002046	-42.6914341821251	-5.39888384502284	24.6927050033943	-1.22428034238749	-33.977772164151
Ind209	100.335509685858	-113.863581778655	-44.9529528722775	52.0978196596838	39.5847360789446	-9.57792586933169	-4.82042629793119	-14.3221099619808	11.3014760373658	18.2799874868788
Ind210	-15.6845785212193	-38.8818905931828	-37.5386406537826	-64.3165926677514	-41.3069209610255	90.4722567346008	0.364135121019083	17.3347613128112	-15.9233946049699	12.3534374545524
Ind211	96.9228140330727	-110.403426273679	-39.4236272435714	36.5799212213678	34.4797255462174	19.1834040940255	-8.95922945678109	-16.6330089798684	0.238157705661596	3.2603784410848
Ind212	-2.8711465418933	-0.154879936039369	-13.4470428518251	-24.908007104302	-62.4773708859569	28.6126925544897	46.892428059692	40.4683618192838	-14.1256581964671	3.26519670833184
Ind213	104.957302602686	-128.022361175165	-53.0421625480457	56.2157568717562	52.4725786686079	6.32350839927264	-37.6568511428663	-43.3558171615483	13.6003763311048	32.0151131814559
Ind214	140.752064286169	192.893661581535	15.7632790437746	-3.90053542832558	56.1964940764497	3.41492330568456	7.37274056039941	11.3531348605623	37.438191478673	72.4779860773504
Ind215	-49.3620751607	-64.1633814322335	85.6933792533373	-132.8161446425	81.9013988147427	-42.8674648288577	-158.347517759851	125.986922314662	23.1785349051522	-13.6874302254014
Ind216	109.581906989206	-129.048227695839	-53.0035424035286	54.5897248093021	45.2327327632339	-2.13126246774407	-32.9026566132567	-25.7796180210984	-0.503711273899313	27.2688378429129
Ind217	77.4243866551088	-47.9504119438845	-33.877973630952	13.6755902045655	-37.3469890825542	-12.2431054595624	29.8908282638691	36.6517403090192	5.16465757614298	-18.3088836448897
Ind218	4.50574260271059	-45.3525766537718	-5.72115734844604	-52.3907983030163	-37.6429575445862	58.3724265508843	0.555902442438533	5.51759564680544	-1.86454576117775	15.0522025740718
Ind219	112.604561873427	-128.626910645632	-61.3669415579276	64.235520715511	54.0012339739967	-14.5243337765031	-22.4758416536185	-29.9187746850306	14.2799842191678	33.1884169355293
Ind220	71.4642875867365	-3.98666971592254	-16.6278737370421	5.38351554329335	-67.5260668674815	-30.3301921992627	-2.44286027996678	17.0650139538971	4.17181132407487	-25.6717867415643
Ind221	58.9451110522957	-37.1058069286887	-12.6979834055476	-3.51789607977059	-17.4699845372842	29.9580784462716	14.8220055119329	35.5752408859975	-20.0872248788046	-6.52351641700564
Ind222	73.5889825433356	-63.0572817693473	-30.6707777942644	14.9214221532949	-5.27436355655245	27.4864043527756	12.0664807513484	7.16887845676296	-18.5887426320806	-11.8312191416637
Ind223	0.9061954321357	-51.4884515747325	6.90467383326285	-48.924403950449	0.557938631770645	37.9880027424962	-2.44613317986323	7.30691229242294	0.233097724178472	11.0560380195119
Ind224	53.6707775193682	17.6399351757176	11.1345700771905	3.50818896036756	-161.803691685671	-87.727403213082	-71.2094473106483	-47.181308705213	-13.2669342829967	-5.15793546040045
Ind225	173.098717739168	255.486932293729	-1.2697660788885	-17.3578005920883	106.61331471939	29.9298323761248	-43.7067698074448	-40.7654301664232	-28.3230397983214	-30.1010621168766
Ind226	50.2699629287533	-5.70119777837481	-12.4410794814142	1.80118628788336	-62.5655727360048	-30.6112511490745	16.3375497310914	19.7110727154841	1.56066275998806	-18.9403235250695
Ind227	-94.8469717169993	10.4843927128259	97.6621828605105	66.2266605184805	-7.58447767672962	27.0077972964223	17.3461135382936	0.710232590235969	20.6728577458499	7.10408510515329
Ind228	-72.6034206624167	0.262609319959904	91.1994663158983	33.0022324393737	-4.90014966193698	-7.7946555949148	28.7200532193034	-4.10249828967997	18.229120422893	-2.89456836909323
Ind229	180.186613305814	272.131475983952	-0.669526835770868	-17.0461850650628	106.87372536198	29.8378877738439	-42.37764447774	-40.0615656796653	-25.3010703526752	-22.0105875536884
Ind230	18.2177454347527	-63.9172003022272	0.501583389216648	-59.7650619037949	-33.0331210465979	98.3759544638608	-4.89683917120388	-0.172836847153579	1.02931013397361	5.28099694137766
Ind231	-58.9005922337256	4.08068537005099	67.2296248329333	18.7529291110968	-3.65253503405853	22.8210692069489	30.525265370618	2.19763284118612	32.1568308572873	-13.519792032461
Ind232	-19.1785742732396	5.27461978348409	62.7049617618146	-37.0408733366798	7.27441908599994	-26.637769382204	61.3991303304924	-10.1779097373833	12.9520074422103	6.47417358500988
Ind233	97.0910602221742	-53.5513588502453	-45.179839920844	18.4126694925708	-8.29596217531359	22.5703982789706	37.592243016421	32.2179618201495	-30.267684868055	-72.7567222065611
Ind234	74.8234771469281	12.3878865816172	-1.02788410459871	2.03266067297918	8.87232085576713	-14.1130986578713	38.0914576710727	29.2265540068232	-7.05344308075719	-31.5837779813758
Ind235	-100.843184613695	23.9771665906002	106.761035834174	112.529084119744	13.7670813728067	35.013942720261	-8.86661057603937	20.124488742175	-56.8193025053303	16.5668989323825
Ind236	-108.724781889833	-0.653732721858406	-136.052118674052	-38.7503414110889	29.2355849335076	-5.23371486456688	-8.72156236591666	1.44888608637434	-56.7421697503768	6.4034827512432
Ind237	55.896311683253	8.30579066011787	0.683374594590424	-0.28808617156427	-34.8429651110088	2.10556645875949	14.9805258379054	21.4788106816689	-0.214450909029806	1.104205787623
Ind238	-155.864911437077	49.4177022442182	-181.121479832808	-26.4350150863834	0.486874005857105	-14.7647797676575	-4.6094073427233	15.1384145874614	-15.5252876990683	40.7816692466276
Ind239	-127.538926917454	22.4366198527204	141.580837019569	170.030700886526	21.6040622901476	76.2028921960068	-41.1393065471481	36.9155221883695	-117.738892082448	33.1855754027291
Ind240	-151.368135865272	35.8804019485324	-140.315337345142	46.0410318527123	25.7395845751615	-16.4925755905084	-17.6780032699489	-5.77739797673004	74.0325018882691	-29.8813431797408
Ind241	115.84703286142	144.57595682098	0.961704876879964	-5.0722222637061	9.2291320473578	-9.66304819943503	22.9120925983352	38.2292161081778	35.9253762406644	69.3953756032608
Ind242	-47.8490435895635	-35.0160866137904	85.79948205085	-84.7580028909029	46.6542187062068	-45.9832058553052	34.2050871155179	-41.4831226664862	-26.6180339755607	3.1847344759416
Ind243	63.8276208725006	17.7355780797522	-6.58512834516539	-12.334064663279	-150.144516146904	-52.7760627791504	-53.4811047209149	-12.7199646523257	-33.8161759676514	5.08818344863496
Ind244	-40.7204329818614	-43.0824124962334	69.7880162050535	-82.834533226595	41.0219923387881	-49.3325926348903	33.0302621418797	-40.3009646746396	-21.4406041829781	12.2341396835803
Ind245	-138.453653528959	21.6178920423047	57.1302464970308	94.5946061907674	14.3075501934905	12.4796707509376	-30.2912840122137	-72.9697382534984	200.391251944177	-109.191860896088
Ind246	-52.4032001171663	-58.7016593195342	88.6445056822159	-142.65242914857	85.4426144772398	-55.0478503154528	-174.11969229332	151.238476855797	38.0559714456551	-22.0579857683978
Ind247	-55.4885894229077	-3.82867851945284	83.2426922736793	-21.158677535597	12.0688387235457	-29.0958254836911	32.1040278616319	-33.3206064875865	12.5449754279459	-4.11010259822999
Ind248	61.5285348414103	-6.61617925694153	-11.4629207981631	9.42089913314928	-70.471069249711	-32.0831829584638	1.65950161991256	26.6178228922524	5.25887759334573	-18.957634099662
Ind249	-116.956492438279	8.87280030091119	125.456672857091	133.612510963398	7.19708229719859	46.0023981372523	-31.7558602203867	6.72866132317336	-7.47018256905836	-9.23238454076039
Ind250	-113.345065344022	24.5573229363115	-133.205903986771	-48.3638644474787	-15.6682083728454	9.6780071692241	-11.3848763357315	22.9078864029485	-29.4737962947605	52.0548123039223
Ind251	-46.0461727524095	7.46462284158596	37.0261841628047	4.60824900342587	-24.7141428020218	-11.2411645633078	30.6840982151206	-5.31641762655847	14.3860584242497	10.0853315597657
Ind252	160.247712994297	211.381058213613	-3.76230752129718	-7.08169304270669	96.9873014706543	21.9527089025971	-22.3910248416002	-37.4056135760305	-10.5469370008655	-50.1639044598511
Ind253	57.8452962766086	0.938753751464412	-10.7981422611334	10.7447622457313	-51.7286818916259	-11.0871002366265	45.4455628732108	50.2032839728326	8.38538488206616	-12.1043031732828
Ind254	45.6892162799076	20.2155933905661	2.36090531489593	-5.32184278342582	-63.5859644577835	-38.0125398188503	16.496647039395	26.7081268797936	10.9956610608316	-2.80604220294199
Ind255	72.3313928982318	-23.0690697705204	-24.0747717116321	10.4271316972462	-71.0244648700094	-20.4299793012543	11.3853706915238	38.0123304663757	-0.469963698560279	-25.8328558880619
Ind256	98.1050265808093	117.00463420632	-0.906389986949963	1.92939051868092	2.18945758992298	-4.7731510907616	31.7965964276439	35.9375051768922	31.3374248682673	69.7164683306781
Ind257	-116.135415775053	30.9552429518317	129.639777039168	156.463469069122	7.0294502554803	77.0369073529871	-43.3949238553125	53.2885332958278	-149.952020179203	61.3924942880819
Ind258	96.8202746545094	-111.199927470007	-39.5472232332513	35.8843765242489	34.7953346142236	19.7193923130232	-8.72642225294824	-17.2806914661887	0.384379657257941	2.74243289203241
Ind259	180.151578911938	276.232400544022	11.4524690824895	-19.9794508299997	111.0269196343	35.2732925505523	-51.550959989184	-50.4972012795769	-29.2974212943996	-26.3542365938667
Ind260	43.7661876556176	68.0008466234717	28.687629546621	-4.65594911476378	-245.436198810791	-129.407114695312	-151.221954582518	-104.500061327283	-37.9610595177936	16.7992359618701
Ind261	-100.896589468942	6.79488286396631	100.157253118065	57.5871464702138	-1.83775695143231	29.1949339081142	-9.60679905642705	-2.75541940811571	32.5365669427042	-13.2275875749554
Ind262	-1.99181848865533	-31.6376747387466	37.3835596986387	-39.0710487373595	-6.37979423082673	7.62548592068753	11.9093180743585	0.516105492314985	1.39972723973343	-3.61141577978192
Ind263	-27.8427314407053	-33.3289110494579	-21.3581134285445	-68.9334744131215	-33.2234661053157	73.623504512887	-3.39593577269499	-2.17424456054914	-8.45193315511167	0.579641872529966
Ind264	-27.2826087319654	0.902958373859067	25.1967517442169	-7.0564188095735	1.0533749455711	-4.58977834075042	41.8745883567443	9.23356272132921	13.3864066134819	-11.2979229442855
Ind265	-54.1354782162904	-67.3277222767248	85.9963938151749	-141.453673917165	85.6510010464232	-37.2653263334683	-169.016283494658	134.747401771601	25.1896217891395	-15.7229067420909
Ind266	168.65370125987	227.62559943803	-2.2718157093898	-10.4382007441323	94.6218406384571	32.1763905345802	-23.9829981444185	-36.6074834299598	-14.9827144607971	-40.8835813202231
Ind267	-6.9368056863856	-42.2089364216446	-9.60987323701253	-51.0229621997032	-26.3603067284931	50.9686017690597	19.7701563988638	17.9577524201151	-2.58045910272043	15.7267257489255
Ind268	-27.0141757424766	-35.1504584901661	15.6566756960779	-46.6080589095239	16.8463040126038	2.00157444573346	26.4760541591335	-17.3316842767647	-46.6591112208512	7.56988252371626
Ind269	12.057517177709	-66.5193112574371	-7.68735552213774	-39.0909631855073	8.04127117673314	14.0221179505956	4.51910861598806	-1.97890811282716	-30.2207481210174	2.60153516906524
Ind270	-69.9866006464361	13.8008271061866	77.8578317644746	33.0801055552332	-5.01429687781755	1.24203771271054	7.31562981060201	-21.7648184125899	66.0489068446572	-15.3526505587269
Ind271	-59.18310754191	-10.7448240729771	68.1040397265222	-24.8901863450002	4.96436001022689	-7.66955224731591	20.729310247591	-18.7488017418135	20.7856040613656	-0.714422800036202
Ind272	89.7154926677497	-102.34837322194	-34.9195585969047	29.2564625343308	19.8795075776947	2.54615699554471	-4.24536687107547	-6.70052116681753	-1.40258388589337	-10.5705227348757
Ind273	-113.160159822907	10.0178173834658	118.049697759786	106.939102427254	9.91815509928339	25.3201945127039	-12.4158953437806	-34.2662438445848	73.5600762404739	-46.6956792544109
Ind274	115.16080831355	-129.493402923489	-60.591092515748	55.5512355647573	52.3511758679339	3.5580574528692	-33.3460438612791	-37.8207430690062	9.74327598651682	30.196817400634
Ind275	178.460700809921	247.40973628685	6.72167185092429	-13.8186386390702	98.6434163829099	27.1160952802658	-41.6818872255839	-47.644250338966	-15.8399182179965	-19.951793660663
Ind276	-56.0138717338054	-38.8375879404797	85.2517259018597	-83.800407063397	45.3625727512254	-37.3389630624694	47.8047706784416	-68.5556125288674	-42.5299649854604	18.3033628525331
Ind277	-57.586927652704	24.9412793794209	50.7251386494206	39.9359559482946	-27.6931887029932	-6.56084794714068	38.6153164482121	2.02551992300901	21.0184724500352	2.72594991796895
Ind278	-28.162327200251	21.5506898090052	0.644714039195097	-39.5930736784482	-48.9433728159548	14.5293395198694	35.2776442174926	15.8223205506815	13.4100659113148	19.1508697017498
Ind279	35.4374521711244	-2.7134452631055	-28.8073554684865	-5.25676359176218	-65.4607351242576	-1.74566083592266	-5.15533591003946	28.1843619873343	-1.74687897233114	-10.8099343579198
Ind280	64.542811355897	-15.8653711152566	-11.3112159225006	11.5441568857026	-80.0531065393647	-28.2199789781048	1.78661092149689	10.3888062615443	9.790915667934	-32.4541620698769
Ind281	28.8289259885219	47.7395272902991	9.96012098569834	-19.4001939133048	-66.6678967244384	13.3783144829971	53.5343799898263	24.6420276816085	-13.3364707437424	3.28131428778939
Ind282	-109.960564560354	14.4281173904347	90.1471470293952	87.0917295979817	13.6544190224129	27.1845672323143	-4.05223679977872	-4.11711639363331	58.7668952078082	-33.9019133534236
Ind283	57.0018586093667	-63.5471443042206	-11.080355759524	8.32747682030368	22.4892837279079	-14.0561286917801	12.0530531702349	8.09484996065049	-9.90554704802084	-15.0044642881257
Ind284	-40.6951320779884	-37.927873484938	69.1450037535336	-81.3937040590842	47.8311435118762	-18.2604494211178	-48.2145102788262	60.3540747557366	2.64251990490096	-8.59119568952174
Ind285	-76.4328510339556	-14.4497133760399	-115.673226837712	-59.9143674643184	27.0797070007585	18.604200468468	11.7858690162162	-11.2964931182659	-77.0716522590941	21.9372334763842
Ind286	34.9654356799248	-74.0347634665511	-6.56482242893951	-40.822979761172	-1.08566651811359	47.2791421683253	-1.75341973456043	8.85866719305198	-23.4674362338996	0.0146863904695287
Ind287	30.4224203986272	-47.5122319152946	-0.769473684422361	35.8609443010563	-1.65398380414005	18.154478143296	22.3988754091891	17.4283435736157	2.48307243478935	-58.7402399547651
Ind288	56.0424712933171	143.092812548251	24.7977037573441	2.48939690812656	-35.1918025613966	10.1405232876823	29.05664330044	22.1221296461753	24.3120650681828	64.7216091636411
Ind289	2.62048494706843	-74.1720972395581	-68.9345749881313	-156.988578121624	-101.573059109949	392.799292179611	-65.7490007649385	-96.6257971109456	37.6203902631447	-5.98282843831039
Ind290	-121.024867925979	33.3843233668334	-153.284262510433	10.3505180669423	11.3353404690472	-14.4934327246554	4.28424116597077	30.3674403473742	-6.50909719201108	-3.84920341040363
Ind291	12.2589384282061	-27.6965337602658	27.2977980411704	-5.06043326051928	-12.1584922659731	-10.5880339806299	34.2324861051362	20.214214307999	1.11162660032009	-13.0062151188377
Ind292	-109.25210489109	14.7385098847416	78.7791994889209	68.5697052545054	9.92957201281382	18.4772960992609	-3.20293733640339	-3.08862039475844	59.4811616562684	-35.9437104181974
Ind293	99.9511115297549	128.798209094886	8.16129073532846	2.20284439278239	1.33176101697438	-10.8802669782945	27.5335169708435	42.6070396725071	36.1852075074746	69.1760752339153
Ind294	-89.4944726040915	7.06677284130449	96.6618424489506	38.0248449399693	7.5615640923237	0.637471519295667	6.14765238695384	-21.7997859305076	38.9507706736217	-30.7844883780807
Ind295	176.259568737247	250.852108632201	5.75545987523926	-10.8557848642698	101.027361105735	23.148587329493	-40.0648373745725	-45.2440370489902	-15.6264140627996	-20.0120686602443
Ind296	-103.715757033742	27.4751292211071	109.732008886092	123.267562949394	-1.5589467738027	43.7094293816739	-8.81178835086201	30.7172162241161	-46.899002722223	21.633550025109
Ind297	108.60758671641	-121.682995795825	-53.2093820165439	41.1632208666906	38.6814464303753	8.38592214952594	-20.0689700484752	-15.3295495839504	-2.36006567384955	19.7039038230818
Ind298	-140.496210956568	24.2177819488853	-64.5996406422015	40.188942322259	30.9105446262668	11.8979861183296	-6.72444496395333	-49.1408288367172	59.1502958839453	-47.4063640533999
Ind299	-44.4405976397076	-24.4866092821626	70.5312315048892	-71.4309705370725	36.9112341620499	-10.6580758158324	32.5213638700361	-47.9812364589761	-43.1770089262096	24.1676992234091
Ind300	93.395924721506	112.894665206497	3.54947695230632	1.3276821949604	2.21162000920402	-5.54949887742235	25.0723008990673	35.4074307930437	30.5518666537218	47.5426481670961
Ind301	68.49598844671	-106.380155191968	-22.5518915232736	11.6206936077917	27.9813215666695	23.8459040079229	-12.553929833141	-3.58587284974182	-9.57752211799381	5.47471218814705
Ind302	69.8104932080787	5.94823101731863	-7.970048726397	1.64016158594511	-137.072879359221	-63.0041758075926	-63.2376405209517	-31.4978143533384	-19.0118735716465	-26.2225507356004
Ind303	-23.1608873424716	5.11775830630656	23.6277164967907	-14.4263511623679	-40.288252615322	-1.83091657741355	41.9796494634511	2.15490846877663	-1.04238621374376	1.62328608764039
Ind304	-81.4940482396657	15.2098417899801	-63.5464464714078	43.0813819391068	27.5082416065479	-9.32464106054878	-7.54310223589263	16.422242809957	-1.6282997678754	-62.7527329702499
Ind305	51.7502660713496	35.2770740642436	2.76319108603613	-3.42968479986701	-37.9409668450746	-7.52797498909688	28.5642859839692	41.6517363916518	29.5499854286922	32.2898156541079
Ind306	-10.4745096660861	-49.5261918586274	-36.6237108447891	-71.9866517919601	-37.5356308945091	109.267209616433	-6.95527244066567	-9.39261658232389	-7.22694167022071	3.06431093523419
Ind307	164.159192414698	221.388467066637	4.4268737758219	-10.6538366005019	80.7293349793333	24.7474625242107	-20.8886789026167	-26.8864100029129	-16.2815192980472	-23.3959272838267
Ind308	8.28864216034736	-12.7260640610559	34.7634517220353	-25.4717044591305	10.8965297814208	-5.67702275677432	33.2158921330659	6.95248275017067	0.0562649093515323	-20.1445588666995
Ind309	121.127071169698	-115.075019840362	-55.7249407157388	57.4114222113681	38.593313429979	-5.46619774306179	-13.3356158180832	-15.5520978281262	10.7287976303588	7.00619775145713
Ind310	-50.5550786412295	-67.2054511819373	90.4390653634103	-129.299542176753	81.2322884917011	-36.678367894552	-145.329545103844	113.095776339835	24.7999295145481	-11.9586957195189
Ind311	162.195396303564	234.478357203666	1.36056240964369	-6.96969597600989	102.550034177207	21.1005214904556	-32.2094073697051	-50.245197854981	-9.78577836436531	-44.1048650142495
Ind312	-22.985192925388	-48.3658014633814	-30.0909203304423	-77.5776934692435	-34.4909297696541	106.254226487169	-26.7110269044546	1.30124041795035	1.56176399302955	11.0357745120065
Ind313	-22.5657243472686	6.69659699311148	11.9773944642311	-3.7612175288727	-45.7226985209847	14.1069200255774	48.4516143040555	20.4625071561653	2.4531047452539	-8.94986792322405
Ind314	-176.098277349499	49.7173895822058	-84.6309471799321	41.9543364799566	25.8683747700699	-1.60893064018292	-16.1394258957072	-18.8890372257325	70.3000434304207	-40.8728363649609
Ind315	48.9569930459835	-28.0348026102002	-10.4832568241934	10.3012726303493	-81.5764784352178	-33.6239853209601	-0.185822834954522	15.0298815008588	10.8115751848126	-16.9528180117336
Ind316	98.9663885869946	-115.121733204296	-48.13113357451	56.4031048648759	35.9486040990941	-18.8150512992399	-8.89764084011636	-11.9682513476137	5.05645526983961	14.4140927305006
Ind317	-47.0353087316508	-45.5563947206229	70.0244100694112	-71.3175223355476	39.7096386082089	-52.4340021442298	48.9568324730142	-53.7456556034093	-16.3255416028408	11.6516772698081
Ind318	-41.9499478741547	-6.65630378748734	67.5475268451814	-22.3366349949381	8.50339154804052	-14.5484270974884	13.7126193196275	-30.3090280166752	26.81431784794	-16.7459935740054
Ind319	105.74416021609	-118.292751136056	-54.1854966024947	51.8500024835931	44.7257697552942	-1.64090910205171	-17.9348767340773	-23.8177028428583	8.56465626558919	25.116901123541
Ind320	-26.6743018389948	4.69506935165252	40.0661700157088	-4.960468473389	-39.3471949781033	8.56446299399334	44.4060994993891	12.8011462702992	3.24365963114729	3.73305012507902
Ind321	63.4380254813917	-22.3453252947334	-17.9053846550881	-6.88157376561663	-76.3064961645319	-24.6689496113286	-1.73311985278106	41.5293227356366	-7.97383307041743	-31.4687367805935
Ind322	-74.3450717208527	15.0989156079855	76.4157576516523	32.7981381608495	-1.96032681875472	-2.18971404072135	15.5197277459607	-20.4982861739531	63.6664686462073	-9.32687041028274
Ind323	-64.904598698402	9.54124013622302	76.4420222073418	22.3247664402372	-2.64789184309435	1.30938763879167	13.4054438920581	-18.2781535538232	48.8436534116696	-15.1417273462607
Ind324	-54.495935599709	-35.541678139165	87.7432083970398	-84.6501569417215	37.8621871847094	-42.2918071780809	34.1901246855018	-54.1399787232175	-16.4831350405118	5.90059284419242
Ind325	60.6778652441001	-23.9988102307963	-13.594996261453	6.60908392729785	-68.9211845958464	-29.5571205180574	2.29866416308256	21.47343445473	9.08236199557618	-22.1825843035504
Ind326	100.715397723438	-112.178441276495	-45.5114065920259	43.5455880092142	36.647059109137	8.09487026362889	-16.8067826308054	-14.5709845304436	1.03265170878217	17.4306385371211
Ind327	-76.1679339017197	-2.793569528336	76.8763384468469	31.8101411280847	-2.12098444297558	3.51644813900134	9.6497570182816	-4.04949667165704	33.2645187055551	-8.41431042122743
Ind328	-4.30926017392361	-53.7498955641523	27.9555126823975	-42.4904924649135	18.309843519161	-23.4831749851833	28.3300636569902	-5.69555860677633	-6.32843781991637	5.17956292668083
Ind329	-63.4636498752201	-42.9691487108323	77.7631558840312	-106.763655837588	58.2510079350352	-59.3341344367307	51.0601042709348	-76.3124724512677	-27.0238429670265	28.3115257496694
Ind330	56.0014319564844	20.9171125335218	1.36238512162791	1.09317689667895	-177.104856618637	-87.8818884200381	-81.6066140141734	-50.7430686229209	-18.9544519153058	0.0606350036484251
Ind331	-123.92720130392	22.1669712563219	130.725702526301	156.025399167441	9.07608103077864	64.5004113988812	-36.2812573249677	37.4598166848104	-127.445315928073	43.2194196908486
Ind332	-48.3123402282582	8.40697805770959	28.3508912799289	-8.98369016826043	-20.6023449015975	22.4353088954162	13.7389044174584	0.30465076953024	20.1783209830513	-2.49647365755639
Ind333	57.1263063632097	127.858747280554	17.835719064802	-12.7097168242209	-39.6975127816357	-1.57135420213502	30.3944487602196	9.32293022025917	15.4596396795184	44.922583772592
Ind334	70.9200468979767	78.98552328612	20.6603933503436	3.71091446140223	-28.4612944371171	-8.34896439851321	41.853456374429	48.393338600148	45.3915035341108	76.1338901274904
Ind335	169.121323424486	238.976249220902	10.4448979642324	-14.0532237668938	81.9156796587401	19.4827096892509	-36.4829574022222	-40.3892377603686	-17.5941845837546	-27.8966297471078
Ind336	104.541870287996	-118.281509597116	-59.6595214935553	52.9467437111559	39.0803724586315	3.3405475400225	-19.1218653893267	-19.3413058596867	9.54354821160271	19.0170121808494
Ind337	-52.5398485799972	16.1721792613723	70.3314254105271	20.5421626963681	-2.19110917415578	0.242040851591273	15.1579635713878	-12.7795378493691	54.7414825809202	-13.9928799873947
Ind338	114.611715868989	-134.640592377227	-61.6000913655178	67.224740123928	56.8691809605845	2.87825145990075	-19.135440919524	-25.9400751701941	17.059608173652	32.5014245205354
Ind339	-73.7904347697555	23.5911001598205	78.3505946726124	61.1348781111792	-5.47437622082013	17.8368598995609	17.0785268127381	2.61224304446664	8.61892126834463	-5.33771514191826
Ind340	107.599265194894	-131.525361258117	-53.4955553502498	59.0624357862053	58.9624501676915	-16.076226971003	-34.2346045494624	-32.9705972798033	12.6145304674762	38.9116549699212
Ind341	5.27962947133873	-5.42840780335997	-24.1601589629403	-27.0784107512249	-53.8400131825496	29.2039827313376	45.2180232709305	36.3201347438272	1.84335464252133	19.5856449935813
Ind342	64.7307062231358	56.9030815342011	14.4369567992216	-9.66745012548848	0.898225875892614	-0.798958995603152	62.2493590772483	27.9970840123339	-9.13450365230412	-15.3628311394755
Ind343	-117.389034931469	12.0537785679569	-161.062288317896	-34.1561042334554	37.0881528008491	-7.11613986990802	6.17893444918236	-6.73819090370971	-77.8434660272329	11.2316467311452
Ind344	102.908290659376	-125.259742383786	-51.1329795874646	57.3256413428675	49.4726518442186	7.37251875447113	-35.8456541343805	-43.2555471040092	13.0914780429616	27.6611000369941
Ind345	-0.495423709818816	-72.9567491305672	-64.8222215158166	-168.751065325589	-112.153415616708	404.977843990215	-62.3523774645478	-98.9782271507682	39.5376321320652	-5.50619319498136
Ind346	-189.177901147249	53.7835671203154	-72.3826003669432	66.5399740741217	11.5302614077411	-0.16852788403924	-24.1914427399896	-25.3366911555743	133.200326028933	-42.7996186942751
Ind347	182.446890399707	274.242864062261	11.0252030297747	-18.8714802950232	114.100313677035	32.6942899312762	-55.3192313650748	-49.6050184787968	-29.7920376192049	-28.1233703325578
Ind348	99.6376616098914	104.367241594188	9.6938785075766	9.62134214053086	-4.53648482456843	-8.9862904790608	38.5252827793484	46.1884622367157	33.3368801332996	77.0711040658533
Ind349	48.4046220825189	-56.1171746502472	-1.4555575281897	11.4798207161788	23.0468019447222	-7.64841651223907	24.2296764239514	-1.18408730399092	-10.214977552548	-12.1012618691381
Ind350	77.8090930257125	77.9028460253461	5.3541657665363	6.19856370543762	-20.8507628566213	-19.00042959454	53.6419624320209	69.0890959500593	59.6293800441475	82.331491827117
Ind351	62.4805228771071	-18.5001331986519	-16.8729933341615	8.79632814195152	-69.5786683683661	-19.7274959179512	11.316306122353	22.0460711916243	-3.37408643251709	-20.3097130906985
Ind352	43.0946155615265	-0.852442999843621	-3.2971788175604	-1.68103015086676	-53.9613402303371	-4.85068250564023	8.35961306575798	21.49749173719	-3.1096879572155	-12.1959789129606
Ind353	47.6181546583214	26.7221951883147	5.03407501367622	-3.50969028875597	-28.8908179488307	-13.9208361282384	37.2889091102847	27.8123276075564	12.9216762744869	-8.31593303010559
Ind354	-57.0985869925913	-51.8714711772998	80.6059798028339	-106.534521246971	67.3168161948089	-47.6448067751549	-80.7708833142883	70.9552469450053	16.2246633849851	-12.6756760315809
Ind355	-8.54975898434974	-53.8089794176702	-26.993965618569	-68.5496045566374	-30.034377221695	97.5134384124563	-17.9378738849778	-2.71355186374986	-9.39293367703603	5.78522700131184
Ind356	-38.9969616192387	-60.6463983872065	79.9013328541748	-108.029363752871	68.7778959673466	-32.4046728865866	-105.235884045845	71.5774374366531	14.922424934753	-1.98780286576898
Ind357	110.881404394074	-124.18772719142	-55.6081021816157	61.8529366102192	39.8869814925726	-3.83455996448364	-17.3739537367534	-18.5887928681422	2.61926584169684	18.0634849311349
Ind358	108.297391850124	-120.157554646842	-48.3917733485163	60.2561972228461	50.439405255793	-11.8451943711012	-25.8261454803297	-33.6508516062402	17.7277839375755	23.3678118702642
Ind359	75.0453367546523	-30.1624401904036	-28.6089648973684	6.50324475802464	-37.959503240788	-0.103515519550903	22.8230077567104	35.9344605197736	-2.75180064930829	-0.755860722067477
Ind360	60.5489885772018	82.0736621616897	3.34955456942189	-2.55262608156011	-29.6464530502151	-5.98729721672239	69.2114882450291	121.958272661873	121.116418140576	196.899502665802
Ind361	-151.413117372683	32.0415951921632	-189.040482325405	-31.0429688993861	31.3753328306669	-9.61930388069334	1.34248209438079	-0.280258736917197	-67.5511771054754	19.8295007614974
Ind362	87.1016528796446	-8.20464129442393	-12.3341737553136	-2.07338864851281	-31.6166335792828	-19.7850618921001	31.4523429835603	65.3871095047914	4.3717313392677	-44.6338606832523
Ind363	55.594444198647	-0.873175950357656	-7.06747765009693	8.03848523246043	-59.7666417043888	-32.1436631153275	13.4432555122785	27.4404675352941	8.60924708763616	-18.1984339739988
Ind364	54.9578602391988	65.7787389215837	26.1172214278716	-3.8474003912797	-258.763678363229	-137.628940331558	-167.124791074354	-110.464335696862	-42.0972713834857	12.8028412179519
Ind365	63.048525426314	83.7665610825529	3.36848881161484	-5.13320786494391	-30.7028302878276	-4.77999618460647	70.7334784623499	122.382529727156	119.361364037261	194.207679369795
Ind366	59.2343979042468	84.0055902389383	5.15821056016288	-1.95830527683364	-31.6422166699589	-6.48473062808239	66.6429062385376	121.007730092846	116.809348887833	185.608513065076
Ind367	104.337034023457	4.03439974209516	-26.0810173073732	7.41395467757284	4.56818972870646	0.328442481107772	58.0186807570358	54.7731007028352	-57.7358740568054	-139.531020656818
Ind368	54.6771527660519	99.9260985301609	10.5045426637915	-17.3441601327226	-27.560527760757	-4.91701020748093	2.90521496523791	6.014856629547	28.1766712450706	32.4812681314327
Ind369	-216.840857226041	88.2504030191294	-256.996254949573	-16.0859394164742	16.483013116898	-28.4892095122225	-8.65968406891952	9.57670409423208	-34.7340206660601	46.9156094009524
Ind370	-54.2238812990937	23.7460713420202	45.3644655472191	31.1750256912564	-26.9546463346877	3.3003427136365	36.4441563598962	4.88351479409446	14.7514451626295	5.67265211802795
Ind371	-164.388921353906	54.3443747242209	-212.253356434122	-5.17771911779641	24.249634090394	-27.9117696696966	4.73109096963865	7.20873799520401	-19.829989140493	21.1767270108884
Ind372	-42.3201878893129	-44.2210868174092	53.2260761997205	-18.7730045825429	10.8502214587681	-15.133717593485	25.3315678919662	-5.40320324453878	22.006156977717	-9.46818368773503
Ind373	-48.2336019348107	-31.8055553421716	66.7137915558346	-45.5818692931326	26.4779362201004	-11.1524532511292	18.5215943649207	-21.4415256963272	-1.73351360445008	-2.46264571305455
Ind374	-25.937402579871	7.21200904960472	9.88368201793946	-34.471600452891	-38.3067597819485	15.8366674270649	37.1539872231981	19.1198366010156	-2.72045971546598	0.228635275153221
Ind375	11.0628555355326	-53.449983803938	0.900659904651343	-40.3181065564139	-30.3874488649665	62.4210833955597	14.2135562176777	12.0919776384408	-16.188088953715	15.185471254051
Ind376	-127.617923042642	23.2492775373408	-104.028778186886	4.4386775747595	18.0405596844503	-2.19531940115217	-6.78594216082191	24.0029309042861	-3.74064886998684	10.650656350268
Ind377	41.0886859154047	54.668647088873	17.209016647495	-8.02795245801752	-236.118878992531	-121.910203773345	-129.307200633854	-92.9406499960342	-29.7737794298854	12.4189076953793
Ind378	48.2948461303979	61.7270757139696	23.0511187484519	-0.812522549686705	-229.324909156336	-119.143450776398	-142.602891463167	-91.9715854990515	-36.5160313654717	3.80704629708014
Ind379	-147.755398213336	41.2863210390266	-29.6339518954029	53.42428879122	23.2850283137956	-15.1884821719071	-15.3891802657392	0.986713090533107	23.7637388924481	3.65007664972591
Ind380	-45.5452792080826	-40.2296606458859	72.464442754172	-84.8360243108063	54.3393530545661	-55.584356186713	40.1571102720086	-59.880272892792	-43.5466359827398	8.91811339620077
Ind381	-112.712244855709	20.3859759005221	-154.41847427674	-9.27339598623382	25.1892487938197	-28.9276911471741	26.7125720852029	4.16335326427549	-63.626670588184	-6.86081283558357
Ind382	81.8706093358982	8.91326294191602	-19.5842932646716	-6.26198286514528	-27.2113154498525	-7.09689947029827	29.9423854133558	62.0369143564024	6.12013505681079	-40.3530029175546
Ind383	-149.588964068958	83.039503675865	-204.801710661318	-4.72512441809664	-8.96919450252219	-34.2212179975533	-0.335212220252666	10.7736607578628	-33.594423277104	24.8846524024672
Ind384	106.998565495433	-125.907429694112	-38.7792435329084	51.6955475500764	45.9387382303029	0.779993161355026	-25.6013950912801	-25.1031566401776	4.74156951867673	25.7637701860568
Ind385	-207.178421578479	60.0168577321767	-189.957752284334	5.01568276758898	22.0321052225424	-14.4480773284988	-8.75595977843367	10.5259106301849	-20.6712725384075	18.063971650962
Ind386	-66.1866989912326	15.4928495121137	79.3758442042227	32.2106563037286	-17.6602230141892	7.01581494201291	6.83217703940955	-29.6364329762713	39.0176241539384	-9.37506485203847
Ind387	-127.974824758377	22.6092487773114	142.180073501882	170.496004998655	21.3736534836957	75.7078289600246	-40.5822040583369	37.6293133592929	-117.415243487796	33.0056865135879
Ind388	52.1048778380219	-18.8615815468576	-13.1199374610783	0.961994680071408	-71.3357364003482	-22.7748442047631	4.67937713884096	16.9183158979858	3.56886663473681	-28.607253787165
Ind389	116.2446755424	-128.301903971986	-57.862303214719	62.5014752595751	48.2098238300842	-14.9285184294316	-18.0498008623415	-26.6438742643149	17.9500271094134	25.2505869993003
Ind390	-39.4409360849756	-34.0346898100169	63.5486052059828	-61.9969650567421	38.1166617799315	-32.6324628080965	4.2773023937749	0.295246593469099	4.81807957088246	-3.07331974802384
Ind391	47.5638577906096	34.9659119291962	1.94386539838272	-13.7205891303655	-65.9985082761872	-25.954800438489	4.64914424134706	10.1601218700078	4.073944616296	-5.71794798073369
Ind392	-32.2225449149948	24.6140060733984	21.640816346417	8.85533804648954	-40.2931520868205	-3.05121642194214	34.0454975124058	-2.37863805172861	8.73915657701769	-11.8432231535895
Ind393	-95.5295038376904	9.4308447348316	98.7687498977337	82.6579378722956	1.65444060350403	26.1276713718305	-7.57691695892467	-6.14113429809455	44.6837360742974	-28.7424045971261
Ind394	-97.3826547561458	10.5764900439447	93.5120808021501	69.7375264987922	1.82490125748435	27.4419875490605	-3.05706959295196	-19.4403850990882	35.0831672552861	-18.239927214531
Ind395	102.237259094539	-104.346786624587	-49.9066043708199	44.6086686509493	22.7134747453726	-1.99896134665782	-3.31005867158166	3.26450525271542	5.56108822900638	-1.23650594592643
Ind396	-47.3638830174498	-52.966993422588	78.061366194664	-133.606211872137	78.4592243364028	-41.6775054135916	-150.347822630806	137.480252019806	33.7368615498361	-17.576695644963
Ind397	0.907061776821668	-46.9784267066435	-22.096265362679	-56.7352589795161	-35.6299875419256	83.3126292856553	-15.8442234669609	20.6060038842134	2.2162963577719	-3.28337403835799
Ind398	36.9655455110166	29.7995144322549	-31.2174785794106	-16.824992361406	-52.7036509544242	5.13608327366228	5.97395609235257	26.3151028462472	10.8653085702662	4.98860657165208
Ind399	120.593264660308	149.65140837474	1.38744289112165	-3.82439402672345	9.94759591531603	-16.0995156471243	20.8533402614241	38.9945134836628	39.8744177131764	72.8506406190275
Ind400	107.746355053177	-108.860637449866	-58.8167825189857	50.9469863817157	31.8135946966214	-10.6337542444405	-3.48531025351389	-8.58101392290989	4.42092266312983	2.8142131755042
Ind401	38.8533550134131	-22.9026219802285	-19.3765278014167	-14.3641511710991	-63.9160169150568	6.70086407149908	38.4452794398867	35.2813979771994	-12.7606782344341	-11.8355641955922
Ind402	-52.8382471145679	-58.4173086683978	78.1135540611031	-115.585470188124	70.5904450404504	-30.7860586437369	-114.69409182452	86.157918692227	14.7724726832414	-14.5510397015068
Ind403	118.034809841585	-138.609714059804	-60.2702055083741	63.6490248166137	57.2115191986697	8.91137818189742	-35.8549080263706	-40.4484447354635	10.5952885547183	37.5515386603285
Ind404	-100.56149779613	9.39656777570814	93.9304693209843	78.2827181771777	3.62781644625788	21.270357055517	-0.271501760507761	-25.1440538936607	68.6102935356674	-39.5729546898495
Ind405	-8.22618571338063	-55.8479919932059	-26.3513958438235	-92.1962838690765	-43.8141835732054	135.092216779893	-13.779930627557	11.3309874781649	-0.170137481608694	12.9320759822484
Ind406	-79.4293361941962	-2.36810026242449	76.2264463585642	17.1898332865127	12.4380730750247	5.97813876082843	-2.05181783465173	-13.858219764254	31.3822972520098	-12.1917839947163
Ind407	-67.8767075590701	6.38181367571862	78.3972664902218	25.2057007864026	-2.24901213298575	2.8070141890892	10.677480958191	-1.56258626134409	49.6531644953926	-6.89612391063562
Ind408	-76.2853356096884	28.1191618584664	61.2090801926166	35.1756931436489	-12.4404456291605	-2.83015132341418	22.5764392487695	-16.1724581769799	46.0669390082086	-8.69415265944936
Ind409	-54.305214747199	-25.2799793208702	64.8096809439371	-67.5427031663306	31.2840342752017	-27.7940264543408	36.1196827391358	-38.7134292563185	-3.09348469992709	14.1863191057791
Ind410	-120.98956014933	21.2188130347975	114.522159210097	128.608666786325	9.60422360233274	63.5347668462489	-25.0537133550106	16.418865506782	-78.9610620676104	40.1161752954456
Ind411	95.7340420012559	0.171147086499613	-18.5124748580275	2.60717942740004	-30.4947143420914	-13.7778277099473	39.6365996603589	57.615880236538	-19.0357043728291	-61.7612827288739
Ind412	59.0529898973522	-34.784696449549	-10.9583584528014	5.52804069556222	-71.733697702208	-38.4504702265114	0.993226420080875	19.1815640582643	1.99853894995493	-32.7422423125896
Ind413	-6.76848254556947	4.05493028121737	48.8962634134821	-18.0488056919109	-2.07521319378336	-13.0167979008796	40.6561168956984	-6.16368293177717	5.31171981500634	6.39504804521892
Ind414	103.520056603517	-117.461877077117	-50.9571376762151	62.5226262980871	43.2404781122895	-17.7666170508264	-9.20847602181832	-34.3452600891709	6.27227140092753	22.4623821156588
Ind415	70.5924208438147	-52.6233875388532	-30.9885401905361	19.9026081408983	-26.5756513533548	-17.7376683399156	8.24809877532955	14.1351573824648	-12.6075545900223	8.88698712378626
Ind416	69.6406050740971	-12.9019079518423	-22.8461837912744	14.1546362538996	-68.9189834540034	-34.4782267475977	-3.35297667136015	24.03991378131	1.54155761661677	-24.7844386261903
Ind417	63.2462292534143	63.9380901763884	4.8387617983271	5.83223048310606	-10.3806533876937	-11.748619013489	33.4340780829809	44.7981070620957	16.5456970132118	39.8137621286896
Ind418	10.8158782850833	11.8618940278136	-7.31701968859191	-29.2352925774107	-63.6205040145674	17.6593922997665	56.2794952300239	23.9173470426189	-0.627798062217815	-5.18883137958134
Ind419	27.4997242454619	-72.2646623257416	7.8109295368706	-42.0189030728037	-7.86605737823043	43.2428597007138	14.804545044224	-1.46089759330516	-29.3756622206794	5.80625713565324
Ind420	102.896531897652	-124.256759343788	-50.1470269432064	50.8617074233843	56.2452358014162	-5.40360158840192	-17.9619836014997	-19.2212596709812	17.3465694774536	27.2438178280085
Ind421	95.8246705470327	105.279864673811	3.45590049447236	-4.24679021056052	-0.62545197048659	7.08948066006704	34.9464352150481	44.1653378618254	24.8853215673052	55.6680264770459
Ind422	-194.124443065706	83.7100118803364	-240.966076603511	-21.9941542338952	0.489286810124885	-18.0755172496862	-0.311664271122937	14.3369175992705	-38.7323545226373	34.8336789156506
Ind423	-89.9923331792608	13.9773387953398	91.1271868503614	53.3152590420166	-1.79189449339453	19.2256102182789	1.76513095233848	-29.8420533109199	42.4040652045802	-35.1853588066252
Ind424	-56.928812194426	-56.7066297394545	76.2926459718424	-101.223017806366	67.49672130624	-45.8204386929938	-104.692671088514	83.3631468606397	26.3947213932068	-8.51192181559066
Ind425	-137.380587467435	26.8345266699179	-169.953773390087	-41.7269022485076	-0.863662423497555	9.03709987605536	-26.007048040329	15.8852413309979	-40.9851979325544	48.0862802461542
Ind426	71.8553171254329	-24.0565512079273	-27.1638751436953	12.1581866232172	-48.7873641133623	-5.58294944422305	23.1385795160721	34.3366253680414	-0.327136291425898	-1.74240908934573
Ind427	-114.216239101989	15.3356328115786	123.66833289454	127.879100880817	-1.11942680780734	51.4453823276786	-28.4386721613352	20.3476211284738	-79.6683658682312	34.4874028966107
Ind428	-53.9864004919436	-44.1364700563828	85.1397747626771	-104.046949280932	53.9160965806365	-58.0747305896226	44.3626137855579	-67.6387493158219	-32.813157682605	22.5077764501986
Ind429	48.0380257058515	-18.3845295864892	-23.0985493781193	-2.350060832148	-75.6703835338211	-20.8856282253579	26.92696633477	46.572211040208	-2.37343004683517	-21.9363510000665
Ind430	162.608042716872	223.987760949974	1.33599177462715	-4.58364314315923	101.463023559502	21.5966992067725	-25.0864398074768	-40.9444177531665	-16.4197578471038	-48.5719436150601
Ind431	108.03039027797	16.3527797282683	-28.7758859290087	1.5102860656235	13.6984377433217	0.358230637278668	70.7311162338364	66.3163471954381	-61.1732763108349	-158.320748525114
Ind432	13.6746774232692	77.5035585233677	6.18047204402497	-35.0799659604575	-73.6684023330662	25.7665100013577	54.1076767048675	49.6378079329954	22.6940711291712	51.966068728386
Ind433	74.3888579786352	-98.1920566118351	-26.5907551666063	27.7615886762927	33.9681679510034	-7.73100245166888	10.3075146144673	-6.79437448744069	-5.53018043058198	3.59277904664561
Ind434	-75.4306491034639	-15.8314664664992	-92.8369358239967	-44.1608526683896	31.2614611498273	-8.21037463761758	8.1835080219248	2.74907255412403	-73.620798128397	10.6599439297129
Ind435	-8.14815028243959	-46.8368643954325	-30.4844108323389	-48.5771827346248	-17.5590723722402	81.9237768826846	-2.03222194852755	11.1937616593912	-3.93203792964015	3.52994937829837
Ind436	110.882941401101	-114.0374439454	-55.0024213989348	56.16789936767	45.8425991053676	-5.34650092783101	-20.1228543564541	-17.5996600265706	16.9282132339822	15.0405224882681
Ind437	175.11937289072	267.393096059199	6.66534670198066	-14.9125581461397	93.9244696659049	30.7487389504294	-44.2111731688081	-45.0110108760461	-16.1298006941756	-13.1268199363155
Ind438	-44.6587961136443	-27.8315226183009	79.2311969227712	-23.9575255843689	16.6914441814786	-24.5441461677312	23.1886338308603	-12.5467810980186	26.92360553349	-16.326652059729
Ind439	-124.310467446875	17.4794985473483	134.878628890802	144.513890538635	9.50047053752652	55.1645470933124	-42.557194215248	37.1602772918517	-120.560030368682	45.1726903803726
Ind440	-15.0087625847688	6.70638245693523	17.7024337281213	-37.9678106789142	-44.532602941818	17.5620587238479	20.1331052020888	3.88165084349504	-5.70586900472877	12.0248769383981
Ind441	108.281439990816	-121.952136648278	-57.4119660661578	61.6339058742187	39.3061407942553	-10.6966412583551	-16.2352575414656	-21.8398266186486	15.4726563020491	17.4583527893621
Ind442	-58.5942886669003	-40.9447950251969	81.1450853931692	-88.4343855395044	46.5609468083452	-69.3926774399697	68.2910386863446	-85.1322622326454	-38.681298854513	19.6219031132335
Ind443	93.0241713329844	34.1020525974452	-19.408744592501	9.02012502584133	-7.10737986103213	-18.467617087237	37.2128393968517	46.4202865687608	-8.12197295574007	-36.0369920227978
Ind444	133.520191140172	-140.187445153965	-63.5697738672801	58.8237694940625	49.2577758838545	14.2533258173823	-25.2185761407321	-16.1197882384329	6.53888031972344	26.8314979246208
Ind445	54.6147850854965	-36.7078436610916	-24.6756003936906	1.58352456776713	-33.1328824727604	1.87785563922971	38.2288782998783	41.8359772933968	-5.77417419757127	-21.6411452093481
Ind446	-34.4357878681765	-42.7307965501143	52.0339268984328	-19.6342099024083	14.1011857531103	-20.0261000868014	27.8933153489366	-12.8242208618348	6.71929427789281	-14.0159933710267
Ind447	-71.467170194215	2.4895909720473	78.0452517398651	30.4984914154243	-5.84166883925119	15.5974149775846	-3.00612891569223	-10.212661424625	43.0821200672944	-6.52994611883985
Ind448	-128.840187315303	41.2377339864813	-156.838255821808	-35.4554630024587	-2.76928298824107	-3.64465072958057	-16.0741039640285	23.3890917420745	-15.272256474291	47.7865384423126
Ind449	-45.2453194409069	33.9943456082961	1.92150385927624	12.3666853019686	-38.5565130548603	-11.463817733441	24.9361622105126	14.3258539167232	4.19038484121465	4.1711571489999
Ind450	-84.5409339372431	12.9697702998726	100.306196909563	81.5913614123565	-1.11448772080547	41.7679012038984	-25.0537102417471	10.4698977487501	-1.72193061889182	-2.69074677952527
Ind451	45.7435175167826	15.7212264541972	-2.69160512301872	-0.123700338358575	-48.0235262638986	-19.7186382771805	23.1050762035367	30.3150640762189	5.70210215068144	2.82162681503384
Ind452	-33.1094752487098	18.1328499830451	28.6469505218226	-5.16127479568978	-48.5678889790423	13.6664519688956	28.5258311106165	19.9272201815765	10.4852455735763	-13.5595809486547
Ind453	44.4569296730283	13.1766863554551	-18.6697322420418	-7.79895552916787	-50.7387149279496	4.79706805105584	27.7101702777804	48.9113455172662	1.66872872746702	-2.86405295868756
Ind454	112.873692674728	-131.680421326491	-60.697934291197	68.613732569447	67.3635243025311	-18.9506037701873	-21.867745264535	-33.1902865935145	11.1092732109396	36.2559264449112
Ind455	-9.67165094749652	-59.2835874793358	-30.5053400099466	-69.9097395880496	-40.204897840875	111.086755936133	-29.3618958980948	10.9836268116573	-10.3651297282332	0.444398732363088
Ind456	114.755829118833	-129.249028449109	-57.3689027978441	60.5598635980631	43.1593525934816	4.05876315284265	-27.6840133991189	-41.9462682175014	3.09937714928653	22.3597490119955
Ind457	46.0531728368894	-52.0416474099191	-44.5361288832934	-22.0114056262971	-30.0336569339036	39.1813559688882	27.2475438435255	32.3119651902466	-26.267858804851	-38.8437889168859
Ind458	-66.2532106839509	-6.81657538873936	76.0800453621525	14.7164419695706	-11.6878832883856	16.0023988546255	4.82546591561855	-21.3883454781036	34.2088623928383	-4.64444126224706
Ind459	71.0085284527282	-92.3152429635904	-25.7948689250579	7.98929522144274	13.0466361628644	1.65510694352036	9.77816075299678	2.45013590594553	-1.98006563344034	-7.92143659417733
Ind460	55.9997990145213	50.5680882118798	5.64674372186361	-0.101350169602619	-23.0341672538278	-6.32314379115103	35.909462984301	31.3148880563771	22.109634297474	22.7570594025584
Ind461	64.2891365101852	-22.8967088974832	-11.2108144774996	15.2111464778562	-62.7617123895933	-27.8303606094612	10.7193562130218	23.6341040544523	4.96127034768446	-23.7577219766815
Ind462	-111.816158236631	15.8224191364784	122.123872270109	118.775652357718	4.96070662739242	31.6280587579661	-19.5271628274852	-11.4026592447479	23.1484954796419	-24.9413189743351
Ind463	-56.8683522040245	-43.2635296041476	67.9106377365199	-79.6113049825982	32.3718981595268	-43.988354958834	35.7696464563156	-32.3148914882625	-24.490125145308	8.92339793159196
Ind464	99.8922444329381	-123.666688548046	-51.9818319917244	63.0305480590512	58.8290185592609	-22.8202079324487	-22.0029341747925	-32.373693777702	4.36170016259073	31.999397470631
Ind465	57.2136660830185	-21.2859108546679	-13.9103238226558	-4.45647486485456	-46.9117985452053	-25.0535172437475	9.86137928363164	44.6788453087746	-3.41397909296255	-38.4439593563268
Ind466	74.5353041155713	-26.2915456312855	-14.1117119366172	13.5294293595979	-54.5057381411405	-18.1198720223826	22.6046113266968	30.6931729860131	-0.233612554682284	-26.365027183163
Ind467	-58.6772020688231	8.49862678075285	70.9772941837611	40.3296045370143	-7.75931636921809	39.8255803505956	2.0128852423908	-5.33874005980977	-7.20216611326503	-2.9261056722406
Ind468	-88.8467401275559	6.71730556403705	95.8451681275053	37.554080584168	7.63701964994222	2.60692730041362	5.4059727409388	-21.9087477480409	39.1799158197004	-30.5949598833419
Ind469	56.8888552629399	12.5079843566272	16.0787619021363	4.15031661148803	-145.636224037394	-72.811726048382	-58.2461377882605	-28.317112069758	-12.8336128641256	0.340478073064494
Ind470	-47.8809904006399	-4.3145868962989	65.7005631327133	-8.40037501643234	-0.617439987908267	-15.9805170568182	19.9098636086482	-22.2052770397066	29.8031662868801	-14.8615114960178
Ind471	158.322663624124	222.82210956913	-1.97223377895571	-7.57308184783944	105.686966822253	25.159101285423	-30.6417105363522	-49.5596511195481	-10.8279463516521	-49.472076951013
Ind472	69.8513462437722	-14.4346969334855	-11.0766531886887	11.190761095316	-77.9165186000409	-46.886510985979	-5.77754455432305	19.2046176641042	7.36437656544084	-24.2229196769699
Ind473	58.8117414601819	-31.0036870559939	-13.5398654004603	16.0239543073326	-39.9648625781248	-21.1017558012957	29.7088356045739	44.4237146159519	2.9120010796833	-4.94520866962391
Ind474	-71.059220925855	10.3586998445206	80.6077398375509	31.2578750319421	1.84448756981794	-7.63495582251542	15.4936437036774	-16.1431840453219	63.4024464522958	-8.52414211939203
Ind475	106.459173898581	146.1047173877	-0.0909277622846484	-3.39459731935468	20.9028480284813	3.37334702963624	15.8603419706835	30.5990264847195	23.4140527166517	66.3296989034301
Ind476	65.5448452605016	-15.9728825760145	-8.92481747700363	4.66237714381143	-74.90823931869	-39.6971028373831	-5.51308252929249	25.4264063649679	-6.3347601260457	-29.0209805275754
Ind477	65.2163661736617	14.9585004843953	8.59698987964752	4.18770838109906	-165.449662579494	-80.4192977394043	-79.8552351047831	-48.9281364805963	-17.6090552800981	-2.97573063817942
Ind478	101.862504841135	-112.903920979451	-43.0946989574314	53.7434481113436	45.2900691929821	-5.67087455975188	-15.982422042542	-15.5155263920139	-0.465563693609587	11.2790252469124
Ind479	-33.2620652225561	-47.8686742134335	52.5665305760732	-65.3330748667134	42.5311878441339	-24.464174943151	-3.07473433090338	0.554397998009222	-5.28165770901293	-2.78870111837357
Ind480	-4.04752303092518	-73.6992501575367	-65.4031344401346	-164.801942671165	-104.089690224183	396.297584404712	-66.4385559351399	-99.0230888742127	38.4508361256368	-3.97361256493684
Ind481	61.5862811316281	-78.0786733152836	-15.3296069848823	-13.6289850803238	5.14773569036415	24.2749808058283	-8.78156065647312	-2.87527282007219	-12.9592131231043	-3.11169624125549
Ind482	-60.408002836006	-37.7904990541033	75.500818076423	-93.2482190610767	42.3896796098016	-31.2928678476235	38.3361659058781	-65.7777184353998	-31.8359086971969	26.7379688844134
Ind483	111.199202280542	-124.80420233033	-60.8380227039332	64.8441823398563	54.8715109960327	-25.4010373310897	-12.9241890463721	-18.980657154477	15.8286980189606	29.0780788349656
Ind484	-180.948979506013	62.6368939791308	-214.916990365476	-2.75712119030329	16.3524253928772	-32.8245275261777	-5.24395924099511	0.917462670165947	-14.4836038771732	28.009930300943
Ind485	-48.9586054213367	-40.4437207405978	79.5207365630228	-84.1510490182313	42.3841568298077	-57.8341012798792	59.7480876119257	-66.9341128043664	-42.3657697351523	14.775299966591
Ind486	-159.666890251042	31.4966506310633	-139.131632905916	-11.2618218296909	14.7453387872702	-10.205452714936	-12.124864689413	18.1899241017654	-8.72925727860455	24.019668975405
Ind487	50.5880802752021	48.0170747575094	6.62029768869207	6.49587626282199	-108.205391743711	-50.4660828797446	-18.4304604339707	-1.92138539408283	-4.40803505129628	7.56963246091155
Ind488	-208.657797405578	83.4414645106006	-270.60556716331	-9.22849863470282	19.4750154595157	-40.0180837031553	1.69169862979747	2.59575037957937	-30.9897831274821	28.5650087815123
Ind489	109.008174636546	-127.145014483296	-53.7208205104242	59.000400588283	52.5582108214735	-13.4425977641921	-23.0408546584087	-32.3408372189686	19.4529599178797	32.4093332909555
Ind490	120.716268506823	-121.623287466096	-60.2563278213462	71.1137507086527	52.5730997111148	-15.4377355868701	-25.4373797449979	-30.0019237706319	19.1811467119508	36.5431608680519
Ind491	53.4116590621561	-47.4233860769833	-17.2170658213648	3.53813216420503	15.2304866328875	8.67380978028018	26.3321125878518	10.5013916619316	-21.3298007515567	-23.7400513114709
Ind492	-53.1664781930866	-70.581036023938	93.645992497218	-151.590091323412	95.8363803040874	-49.2920792895683	-192.299333969135	155.536237355319	31.3435787246676	-20.6898528099124
Ind493	-5.19680901320142	-14.0934775822778	-7.95320505870183	-37.6033484002868	-65.3243315887459	33.5845682283006	40.2595466161277	25.0513283224683	-4.173645727916	14.9527489104772
Ind494	-97.0678356035457	14.3683418908876	106.972882512285	117.433956227568	-2.05375973333015	52.0427486776749	-29.1707532151143	20.7121723820673	-69.7977680085945	15.0019034321513
Ind495	20.2280926278577	26.3525021428749	-7.61248590214303	-34.8739039972602	-61.9484758979425	44.9434884827441	47.3618447482387	28.8415799262384	0.572917654609841	4.6821282141236
Ind496	-87.5401592241228	-3.8746585095172	-114.784466762102	-34.8106027846935	39.9049599166775	-17.5510387083759	12.0478069658709	-0.826997872575238	-69.122613128298	2.31363417720061
Ind497	-9.58901759291861	-52.3711752519947	-34.0558865517471	-54.8315082991333	-28.2563953822263	74.2474833700731	-1.6250241765911	17.3448111549602	2.71321560989128	4.8116619479419
Ind498	102.522038959597	-117.460334015358	-52.9498836241136	66.5117949960196	40.7147989150976	-14.4738432511714	-7.03603829584866	-9.75651513912602	9.48252046472213	7.01133398260746
Ind499	174.49863569711	267.625756275349	7.01439154444572	-17.081552800905	100.001054773953	31.9244766956512	-50.0344497868791	-53.0688352612071	-20.1600763500728	-21.4894632239011
Ind500	-37.6409993591417	-40.6791977977316	57.7896893905105	-60.1120460885041	15.9332832089983	-1.48808724253164	11.3154567784946	-24.2489700785127	-19.2823043816803	7.88319137420756
